  Tlag_pop; 0.1405219806; 0.0316330362; 0.0030723244; 0.0004141659;-0.0005485512; 0.0000000000; 0.0000000000; 0.0000000000;-0.0000000000
    ka_pop; 0.0316330362; 0.1344023617; 0.0088731113; 0.0130928649;-0.0054136433; 0.0000000000; 0.0000000000; 0.0000000000;-0.0000000000
     V_pop; 0.0030723244; 0.0088731113; 0.0239308347; 0.0068845423;-0.0026483957; 0.0000000000; 0.0000000000; 0.0000000000; 0.0000000000
 alpha_pop; 0.0004141659; 0.0130928649; 0.0068845423; 0.1348095716;-0.0405222565; 0.0000000000; 0.0000000000; 0.0000000000;-0.0000000000
  beta_pop;-0.0005485512;-0.0054136433;-0.0026483957;-0.0405222565; 0.0123573399; 0.0000000000; 0.0000000000; 0.0000000000;-0.0000000000
omega_Tlag; 0.0000000000; 0.0000000000; 0.0000000000; 0.0000000000; 0.0000000000; 0.1757136869;-0.0159701970; 0.0000444086;-0.0007821878
  omega_ka; 0.0000000000; 0.0000000000; 0.0000000000; 0.0000000000; 0.0000000000;-0.0159701970; 0.0856939680; 0.0000247326;-0.0005322702
   omega_V; 0.0000000000; 0.0000000000; 0.0000000000; 0.0000000000; 0.0000000000; 0.0000444086; 0.0000247326; 0.0119625256;-0.0001161268
         a; 0.0000000000; 0.0000000000; 0.0000000000; 0.0000000000; 0.0000000000;-0.0007821878;-0.0005322702;-0.0001161268; 0.0007096517
