   Tlag_pop;   1.00000;   0.24175;   0.06128;  -0.00112;  -0.00986;   0.00000;   0.00000;   0.00000;       NaN;       NaN;   0.00000
     ka_pop;   0.24175;   1.00000;   0.16932;   0.08284;  -0.11994;   0.00000;   0.00000;   0.00000;       NaN;       NaN;   0.00000
      V_pop;   0.06128;   0.16932;   1.00000;   0.10904;  -0.14642;   0.00000;   0.00000;   0.00000;       NaN;       NaN;   0.00000
  alpha_pop;  -0.00112;   0.08284;   0.10904;   1.00000;  -0.99334;   0.00000;   0.00000;   0.00000;       NaN;       NaN;   0.00000
   beta_pop;  -0.00986;  -0.11994;  -0.14642;  -0.99334;   1.00000;   0.00000;   0.00000;   0.00000;       NaN;       NaN;   0.00000
 omega_Tlag;   0.00000;   0.00000;   0.00000;   0.00000;   0.00000;   1.00000;  -0.13741;   0.00084;       NaN;       NaN;  -0.08253
   omega_ka;   0.00000;   0.00000;   0.00000;   0.00000;   0.00000;  -0.13741;   1.00000;   0.00032;       NaN;       NaN;  -0.05463
    omega_V;   0.00000;   0.00000;   0.00000;   0.00000;   0.00000;   0.00084;   0.00032;   1.00000;       NaN;       NaN;  -0.03907
omega_alpha;       NaN;       NaN;       NaN;       NaN;       NaN;       NaN;       NaN;       NaN;       NaN;       NaN;       NaN
 omega_beta;       NaN;       NaN;       NaN;       NaN;       NaN;       NaN;       NaN;       NaN;       NaN;       NaN;       NaN
          a;   0.00000;   0.00000;   0.00000;   0.00000;   0.00000;  -0.08253;  -0.05463;  -0.03907;       NaN;       NaN;   1.00000
