  Tlag_pop; 0.1671167734; 0.0352607964; 0.0037333058;-0.0001918486;-0.0004550428; 0.0000000000; 0.0000000000; 0.0000000000;-0.0000000000
    ka_pop; 0.0352607964; 0.1273013480; 0.0090035123; 0.0123691334;-0.0048295585; 0.0000000000; 0.0000000000; 0.0000000000;-0.0000000000
     V_pop; 0.0037333058; 0.0090035123; 0.0222121426; 0.0068006624;-0.0024626504; 0.0000000000; 0.0000000000; 0.0000000000; 0.0000000000
 alpha_pop;-0.0001918486; 0.0123691334; 0.0068006624; 0.1751335564;-0.0469142661; 0.0000000000; 0.0000000000; 0.0000000000;-0.0000000000
  beta_pop;-0.0004550428;-0.0048295585;-0.0024626504;-0.0469142661; 0.0127362642; 0.0000000000; 0.0000000000; 0.0000000000;-0.0000000000
omega_Tlag; 0.0000000000; 0.0000000000; 0.0000000000; 0.0000000000; 0.0000000000; 0.2313269634;-0.0180696644; 0.0000416885;-0.0010454370
  omega_ka; 0.0000000000; 0.0000000000; 0.0000000000; 0.0000000000; 0.0000000000;-0.0180696644; 0.0747593356; 0.0000091868;-0.0003933910
   omega_V; 0.0000000000; 0.0000000000; 0.0000000000; 0.0000000000; 0.0000000000; 0.0000416885; 0.0000091868; 0.0107546688;-0.0001067139
         a; 0.0000000000; 0.0000000000; 0.0000000000; 0.0000000000; 0.0000000000;-0.0010454370;-0.0003933910;-0.0001067139; 0.0006936253
