              Emax_pop; 0.0201873089;-0.0078068320;-0.0078526729;-0.0102872400; 0.0063869218;-0.0060159764;-0.0063179122;-0.0063874959; 0.0000000000; 0.0000000000;-0.0000000000
 beta_Emax_tDRUG_abata;-0.0078068320; 0.0211122413; 0.0038639840; 0.0053031001;-0.0060107213; 0.0099168575; 0.0059605573; 0.0060108665; 0.0000000000; 0.0000000000;-0.0000000000
 beta_Emax_tDRUG_adali;-0.0078526729; 0.0038639840; 0.0216853159; 0.0052605016;-0.0058489408; 0.0057289227; 0.0107704862; 0.0058490911; 0.0000000000; 0.0000000000;-0.0000000000
beta_Emax_tDRUG_canaki;-0.0102872400; 0.0053031001; 0.0052605016; 0.2640770004;-0.0086431807; 0.0084930310; 0.0085722867; 0.2796244701; 0.0000000000; 0.0000000000;-0.0000000000
               T50_pop; 0.0063869218;-0.0060107213;-0.0058489408;-0.0086431807; 0.0164221740;-0.0164087258;-0.0163048539;-0.0164220432; 0.0000000000; 0.0000000000;-0.0000000000
  beta_T50_tDRUG_abata;-0.0060159764; 0.0099168575; 0.0057289227; 0.0084930310;-0.0164087258; 0.0204821731; 0.0162919848; 0.0164085822; 0.0000000000; 0.0000000000;-0.0000000000
  beta_T50_tDRUG_adali;-0.0063179122; 0.0059605573; 0.0107704862; 0.0085722867;-0.0163048539; 0.0162919848; 0.0284445698; 0.0163047231; 0.0000000000; 0.0000000000;-0.0000000000
 beta_T50_tDRUG_canaki;-0.0063874959; 0.0060108665; 0.0058490911; 0.2796244701;-0.0164220432; 0.0164085822; 0.0163047231; 0.5311414258; 0.0000000000; 0.0000000000;-0.0000000000
      omega_etaBSVEmax; 0.0000000000; 0.0000000000; 0.0000000000; 0.0000000000; 0.0000000000; 0.0000000000; 0.0000000000; 0.0000000000; 0.0036387059;-0.0543957778; 0.0000921585
     gamma_etaBTAVEmax; 0.0000000000; 0.0000000000; 0.0000000000; 0.0000000000; 0.0000000000; 0.0000000000; 0.0000000000; 0.0000000000;-0.0543957778; 1.2627289243;-0.0088493128
                     a; 0.0000000000; 0.0000000000; 0.0000000000; 0.0000000000; 0.0000000000; 0.0000000000; 0.0000000000; 0.0000000000; 0.0000921585;-0.0088493128; 0.0240823684
