   Tlag_pop;   1.00000;  -0.06617;  -0.19128;   0.20941;  -0.16179;   0.00000;   0.00000;   0.00000;       NaN;       NaN;   0.00000
     ka_pop;  -0.06617;   1.00000;   0.38309;  -0.15548;   0.05736;   0.00000;   0.00000;   0.00000;       NaN;       NaN;   0.00000
      V_pop;  -0.19128;   0.38309;   1.00000;  -0.30216;   0.16607;   0.00000;   0.00000;   0.00000;       NaN;       NaN;   0.00000
  alpha_pop;   0.20941;  -0.15548;  -0.30216;   1.00000;  -0.97549;   0.00000;   0.00000;   0.00000;       NaN;       NaN;   0.00000
   beta_pop;  -0.16179;   0.05736;   0.16607;  -0.97549;   1.00000;   0.00000;   0.00000;   0.00000;       NaN;       NaN;   0.00000
 omega_Tlag;   0.00000;   0.00000;   0.00000;   0.00000;   0.00000;   1.00000;  -0.00013;   0.00050;       NaN;       NaN;  -0.03804
   omega_ka;   0.00000;   0.00000;   0.00000;   0.00000;   0.00000;  -0.00013;   1.00000;   0.00442;       NaN;       NaN;  -0.16993
    omega_V;   0.00000;   0.00000;   0.00000;   0.00000;   0.00000;   0.00050;   0.00442;   1.00000;       NaN;       NaN;  -0.04507
omega_alpha;       NaN;       NaN;       NaN;       NaN;       NaN;       NaN;       NaN;       NaN;       NaN;       NaN;       NaN
 omega_beta;       NaN;       NaN;       NaN;       NaN;       NaN;       NaN;       NaN;       NaN;       NaN;       NaN;       NaN
          a;   0.00000;   0.00000;   0.00000;   0.00000;   0.00000;  -0.03804;  -0.16993;  -0.04507;       NaN;       NaN;   1.00000
