  Tlag_pop; 0.2850536927;-0.0033920311;-0.0272025499; 0.0487236843;-0.0190160839; 0.0000000000; 0.0000000000; 0.0000000000;-0.0000000000
    ka_pop;-0.0033920311; 0.0092198801; 0.0097982389;-0.0065059056; 0.0012125451; 0.0000000000; 0.0000000000; 0.0000000000;-0.0000000000
     V_pop;-0.0272025499; 0.0097982389; 0.0709529976;-0.0350754890; 0.0097378041; 0.0000000000; 0.0000000000; 0.0000000000;-0.0000000000
 alpha_pop; 0.0487236843;-0.0065059056;-0.0350754890; 0.1899161630;-0.0935835915; 0.0000000000; 0.0000000000; 0.0000000000;-0.0000000000
  beta_pop;-0.0190160839; 0.0012125451; 0.0097378041;-0.0935835915; 0.0484611518; 0.0000000000; 0.0000000000; 0.0000000000;-0.0000000000
omega_Tlag; 0.0000000000; 0.0000000000; 0.0000000000; 0.0000000000; 0.0000000000; 0.1121966365;-0.0000035203; 0.0000248148;-0.0003497120
  omega_ka; 0.0000000000; 0.0000000000; 0.0000000000; 0.0000000000; 0.0000000000;-0.0000035203; 0.0061850471; 0.0000513091;-0.0003668323
   omega_V; 0.0000000000; 0.0000000000; 0.0000000000; 0.0000000000; 0.0000000000; 0.0000248148; 0.0000513091; 0.0217762016;-0.0001825500
         a; 0.0000000000; 0.0000000000; 0.0000000000; 0.0000000000; 0.0000000000;-0.0003497120;-0.0003668323;-0.0001825500; 0.0007534059
