Tlag_pop,0.00001,-0.00011,-0.03066,0.00061,-0.00005,-0.00272,-0.00001,0.00005,-0.00000
ka_pop,-0.00011,0.12674,14.06266,-0.13682,0.00670,0.45324,0.00484,-0.01189,-0.00162
V_pop,-0.03066,14.06266,3563.32083,-22.94527,1.05859,68.93769,-0.78373,-1.92279,-0.18587
alpha_pop,0.00061,-0.13682,-22.94527,1.66050,-0.20539,-1.42432,0.10062,0.15168,0.00238
beta_pop,-0.00005,0.00670,1.05859,-0.20539,0.02721,0.13502,-0.01350,-0.01825,-0.00017
omega_Tlag,-0.00272,0.45324,68.93769,-1.42432,0.13502,6.62126,-0.10107,-0.12961,-0.01117
omega_ka,-0.00001,0.00484,-0.78373,0.10062,-0.01350,-0.10107,0.08202,0.01067,-0.00036
omega_V,0.00005,-0.01189,-1.92279,0.15168,-0.01825,-0.12961,0.01067,0.03360,0.00022
a,-0.00000,-0.00162,-0.18587,0.00238,-0.00017,-0.01117,-0.00036,0.00022,0.00037
