p0_pop,1.00000,0.07818,0.09512,-0.00308,0.01290,0.02307
alpha_pop,0.07818,1.00000,0.00207,0.01648,-0.01367,-0.00058
tau_pop,0.09512,0.00207,1.00000,-0.00555,0.00992,0.00231
omega_alpha,-0.00308,0.01648,-0.00555,1.00000,-0.00984,-0.00221
omega_tau,0.01290,-0.01367,0.00992,-0.00984,1.00000,-0.00167
a,0.02307,-0.00058,0.00231,-0.00221,-0.00167,1.00000
