   Tlag_pop;   1.00000;   0.21129;   0.04999;  -0.01061;   0.00121;   0.00000;   0.00000;   0.00000;       NaN;       NaN;   0.00000
     ka_pop;   0.21129;   1.00000;   0.15669;   0.07411;  -0.10961;   0.00000;   0.00000;   0.00000;       NaN;       NaN;   0.00000
      V_pop;   0.04999;   0.15669;   1.00000;   0.10181;  -0.13876;   0.00000;   0.00000;   0.00000;       NaN;       NaN;   0.00000
  alpha_pop;  -0.01061;   0.07411;   0.10181;   1.00000;  -0.99333;   0.00000;   0.00000;   0.00000;       NaN;       NaN;   0.00000
   beta_pop;   0.00121;  -0.10961;  -0.13876;  -0.99333;   1.00000;   0.00000;   0.00000;   0.00000;       NaN;       NaN;   0.00000
 omega_Tlag;   0.00000;   0.00000;   0.00000;   0.00000;   0.00000;   1.00000;  -0.13421;   0.00087;       NaN;       NaN;  -0.08716
   omega_ka;   0.00000;   0.00000;   0.00000;   0.00000;   0.00000;  -0.13421;   1.00000;   0.00097;       NaN;       NaN;  -0.05112
    omega_V;   0.00000;   0.00000;   0.00000;   0.00000;   0.00000;   0.00087;   0.00097;   1.00000;       NaN;       NaN;  -0.03766
omega_alpha;       NaN;       NaN;       NaN;       NaN;       NaN;       NaN;       NaN;       NaN;       NaN;       NaN;       NaN
 omega_beta;       NaN;       NaN;       NaN;       NaN;       NaN;       NaN;       NaN;       NaN;       NaN;       NaN;       NaN
          a;   0.00000;   0.00000;   0.00000;   0.00000;   0.00000;  -0.08716;  -0.05112;  -0.03766;       NaN;       NaN;   1.00000
