0.17959062219379834 0.19261717013780574 0.05326502732160684 0.06441310797056889 0.11727881064962337 0.0078135138957199 0.009679944217910888 0.08670863166471368 0.14780011221850245 0.14083305972974985 
0.15830296938129776 0.17670369809335856 0.044551579816280246 0.053256402509082396 0.13270437603888657 0.16361330607633834 0.026861116211133965 0.15154863260915125 0.022073538605982525 0.07038438065848834 
0.1548321337566413 0.20559104338196738 0.17873534973299599 0.09598929231711573 0.07957573537855753 0.03911712871999312 0.0786455085153328 0.10349638378310559 0.03961014129737092 0.024407283116919656 
0.11804218940869433 0.14030999260486798 0.0013880539082093055 0.06153820006558542 0.11628885452533423 0.09225664015307544 0.043608253291777366 0.172479631417944 0.1827996841151673 0.07128850050934463 
0.00014409143608342645 0.06591215434426023 0.36861644524701087 0.0041466742972446876 0.0040070047389292865 0.26106634892782593 0.10558067782041182 0.05525333693701739 0.11394514284702771 0.021328123404188666 
0.01940286147411595 0.07846657114016198 0.19767570695228753 0.020611651121058592 0.11347069827693836 0.044586161013536955 0.12042570960445463 0.03201449875443099 0.19162322823647332 0.18172291342654168 
0.10479946316131517 0.1341633563036202 0.011297413410758409 0.013850460170204217 0.12245850958242505 0.31842603646864515 0.21951376160146113 0.051613744822164485 0.0119237126854888 0.01195354179391751 
0.1339699213096854 0.14289785726823978 0.20577755762001115 0.048131147621750706 0.021131658568057626 0.04298771211614797 0.06602055547005692 0.09407803603951771 0.056892381695896346 0.1881131722906363 
0.28061656914456085 0.0711854881840072 0.19063354702273233 0.10991883754567432 0.07497025657666524 0.011426714093272398 0.030004564890266094 0.10746291755247343 0.07870993340602436 0.04507117158432373 
0.0020440872942586214 0.03900371272824858 0.047149913828624115 0.003921673109014719 0.02270596756394659 0.5054280943351885 0.19873113078191704 0.11336611285483097 0.051011106249369324 0.01663820125460151 
0.00044792150192310393 0.1541818964071889 0.00901441617557915 0.1064138692379465 0.11870821344988007 0.1123807861611455 0.006106950842284881 0.16433136875112817 0.22185446122368824 0.10656011624923546 
0.08694403518789408 0.07338624753854563 0.09911689153776797 0.007600592184538849 0.199799875960452 0.05273321362250181 0.14503735473238744 0.07264993577707635 0.126073026891544 0.1366588265672919 
0.013135925970552407 0.1686570682842756 0.12604146671405428 0.007906474597902896 0.03333700253005975 0.011518989408790991 0.25639054189332483 0.17862110714760276 0.13802215980146856 0.06636926365196792 
0.19937781142041286 0.18048319085383777 0.09330063698870562 0.08219123901394813 0.07487922550278552 0.007556205699729132 0.0303522902198728 0.14523904242938915 0.09148565845766012 0.09513469941365896 
0.17860545326932853 0.006949386606048152 0.014541043905693801 0.22627510918656132 0.11876777771943199 0.09792530443193478 0.038496254932433284 0.22866545101090888 0.02536354226022355 0.06441067667743569 
0.11639842681728045 0.048676665086570675 0.00022121633682465502 0.2765998577426344 0.023463809076305967 0.10918420104085885 0.12200429518464127 0.26184082846765816 0.00667569108373544 0.03493500916348997 
0.05038186375839317 0.056891169009099796 0.17741633267872983 0.12778061808678398 0.08682595333087469 0.0248660452530867 0.24331543767880043 0.053610205325316226 0.1601621561400797 0.018750218738835454 
0.01670478473638313 0.05685925103858023 0.07577476893464041 0.12224666901648176 0.11158177829428098 0.1714481469537436 0.08476100442445848 0.08215979353658087 0.15689046873279433 0.12157333433205612 
0.08877688461329253 0.007933397446097227 0.39801968532709914 0.0018062551123484076 0.07485024944829222 0.06329911151255473 0.07781576539523635 0.0863829114813089 0.03944728487498994 0.16166845478878045 
