0.02241970944998344 0.116843034243072 0.016571570351269427 0.2209368938924474 0.17218740237843985 0.14344577595882915 0.18739150511776648 0.08623491887292088 0.00910248152060794 0.0248667082146634 
0.02157883647776457 0.09315720983237373 0.016774680124674392 0.22919942305754232 0.15922368340761653 0.14542738407236228 0.21210991395817014 0.0869497878934409 0.009509462188515479 0.026069618987539515 
0.021014895566830578 0.10206740424593194 0.017378392240561293 0.2609299151949828 0.16732289458380223 0.13898505056669944 0.1844095350408457 0.07806097974374243 0.006696021563287165 0.023134911253316442 
0.0250321584171987 0.1210527645284957 0.014287358120416095 0.20070233250561476 0.22077459840850988 0.12464835434822213 0.1649188366000604 0.08941312453842083 0.009215914714423432 0.02995455781863829 
0.026204072839750042 0.12299026079358251 0.01296365057203763 0.19879468033469067 0.18944902590198867 0.1386246858113987 0.19378481507685336 0.08218182877436375 0.008792994373614972 0.026213985521719798 
9.56832578700245e-07 2.2853031199471204e-06 1.528611828619467e-07 0.9998545533750712 1.598045636046335e-07 0.00013532550330820354 5.661361583158602e-06 4.4469417720052404e-07 1.3478752521271888e-07 3.2547688992888033e-07 
5.55001700092605e-06 0.000629680167128715 1.2225351454658426e-06 0.29315607119847764 0.0006530760967688202 0.006189546396468173 2.0497328590397212e-05 0.6993306964337908 1.0938601767003874e-06 1.256596645249853e-05 
0.00010311066824255154 3.7213993593426676e-05 1.120780577380549e-05 0.10245836338862592 4.375554636916041e-05 0.007476648878133035 7.075358102813777e-05 0.8897261709714722 1.0669891793961415e-05 6.210527496771963e-05 
0.00020401840707962973 0.0010718246294026798 4.630609730336714e-05 0.09574013923646876 0.004302439569664556 0.20097717070382276 0.0049314338718319 0.6921860452923335 8.459762186444154e-05 0.00045602457022838255 
0.0008539643775857581 0.00036768747682606816 0.0003463273692106312 0.03769404795283379 0.016890406621016717 0.08770354387992695 0.005470602135993031 0.8498978795701134 0.00010653508715806326 0.0006690055293357065 
2.450779623918398e-05 4.403485316816192e-05 5.271526531227667e-06 0.02044893980103225 0.9011103522952452 0.022484427293141325 0.0002965608483706296 0.05553768665743601 4.612729094554754e-06 4.360619974168492e-05 
4.1467466723560835e-05 0.00010496053358775125 3.478403953165087e-06 0.02812218628477886 0.8507650122409246 0.015407512324788274 0.0005713815252647161 0.10496512762778723 2.88119388433704e-06 1.599239830769655e-05 
4.7271575952109795e-08 1.7564313244530284e-08 1.5933079149398017e-10 0.00016287471727752752 0.8421972981854413 1.1922673943495115e-06 6.272283904893905e-07 0.15763793769971607 6.832860187288041e-10 4.22327462596755e-09 
5.037130890668346e-07 1.8874971908382418e-08 1.7400577191901342e-09 0.0004937149235287714 0.8851380703069471 1.974336440503134e-06 2.1979582230962053e-06 0.11436346559199988 6.286646005937207e-09 4.626809604431615e-08 
1.9609388691476775e-12 4.3669406482703323e-16 9.33079577702515e-13 4.210166941828086e-06 0.9915966538704206 2.0044437572197922e-11 0.0009957212728110042 0.007403414666176371 1.3089766359300598e-13 5.804742394972435e-13 
2.024677932350282e-11 0.15993284453240456 7.477445134906156e-12 1.0107015807555836e-05 0.7986048308453831 7.060901389803483e-11 0.004434278774656339 0.037017938729722435 1.0244946339425473e-12 2.668292604090713e-12 
