p0_pop,1.00000,0.09664,0.13680,-0.01626,0.02748,-0.04608
alpha_pop,0.09664,1.00000,0.00838,0.01368,-0.01047,-0.00415
tau_pop,0.13680,0.00838,1.00000,-0.00605,0.01084,-0.00806
omega_alpha,-0.01626,0.01368,-0.00605,1.00000,-0.01017,-0.00752
omega_tau,0.02748,-0.01047,0.01084,-0.01017,1.00000,-0.00551
a,-0.04608,-0.00415,-0.00806,-0.00752,-0.00551,1.00000
