Tlag_pop; 0.0155746935; 0.0272295222; 0.0041711743;-0.0006507566; 0.0000000000; 0.0000000000; 0.0000000000;-0.0000000000
  ka_pop; 0.0272295222; 0.2531557983; 0.0181183923;-0.0011091724; 0.0000000000; 0.0000000000; 0.0000000000;-0.0000000000
   V_pop; 0.0041711743; 0.0181183923; 0.0234228062;-0.0000009035; 0.0000000000; 0.0000000000; 0.0000000000;-0.0000000000
  Cl_pop;-0.0006507566;-0.0011091724;-0.0000009035; 0.0106989181; 0.0000000000; 0.0000000000; 0.0000000000;-0.0000000000
omega_ka; 0.0000000000; 0.0000000000; 0.0000000000; 0.0000000000; 0.0951956579;-0.0020732892; 0.0002561372;-0.0003281417
 omega_V; 0.0000000000; 0.0000000000; 0.0000000000; 0.0000000000;-0.0020732892; 0.0169944824; 0.0000099086;-0.0000714545
omega_Cl; 0.0000000000; 0.0000000000; 0.0000000000; 0.0000000000; 0.0002561372; 0.0000099086; 0.0054682830;-0.0001421325
       a; 0.0000000000; 0.0000000000; 0.0000000000; 0.0000000000;-0.0003281417;-0.0000714545;-0.0001421325; 0.0007373050
