p0_pop,1.00000,0.10024,0.09502,-0.00439,0.00354,-0.00816
alpha_pop,0.10024,1.00000,0.00709,0.01304,-0.00999,-0.00358
tau_pop,0.09502,0.00709,1.00000,-0.00337,0.00281,0.00036
omega_alpha,-0.00439,0.01304,-0.00337,1.00000,-0.00660,-0.00457
omega_tau,0.00354,-0.00999,0.00281,-0.00660,1.00000,-0.00016
a,-0.00816,-0.00358,0.00036,-0.00457,-0.00016,1.00000
