p0_pop,1.00000,0.11516,0.09936,-0.01156,0.00155,0.02348
alpha_pop,0.11516,1.00000,0.00795,0.00393,-0.01264,0.00407
tau_pop,0.09936,0.00795,1.00000,-0.00648,0.01058,0.00198
omega_alpha,-0.01156,0.00393,-0.00648,1.00000,-0.01169,-0.00057
omega_tau,0.00155,-0.01264,0.01058,-0.01169,1.00000,-0.00258
a,0.02348,0.00407,0.00198,-0.00057,-0.00258,1.00000
