0.123729472564425 0.06405389843838355 0.14031768934427016 0.189278022474068 0.07338024646240204 0.06159737053715121 0.022838176742086408 0.15699217761167272 0.16680382093835092 0.0010091248871900108 
0.1220963095362851 0.06882086276022063 0.14635076918458975 0.18639646175112792 0.07834544068837762 0.07037944393796364 0.018937950874075113 0.14451993655473958 0.16320326065031304 0.0009495640623075194 
0.3010415239407848 0.18888563609448536 0.0017688190387078935 0.0002936038534727253 0.08820193404928098 0.38598894543154977 0.021106257865053803 0.0008174044642660869 0.009739987784592893 0.0021558874778055794 
0.25366182209245747 0.2179679396975994 0.0009935658395607966 0.0033794699552421974 0.2784527232147792 0.18071042971597315 0.04625983285790718 0.0022548216377124186 0.013533719440356683 0.002785675548411541 
0.09101544510547237 0.0033508825397075372 0.007401289666473636 0.011410473863319049 0.004367503771597529 0.001516857502021725 0.0005615182814493675 0.8800993312968748 0.00022110858734446142 5.558938573960847e-05 
0.014250305346309328 0.005413809542096857 1.3180326576170956e-05 3.2923715000685664e-06 0.000802926053609562 0.0001442619288846433 0.00259540674857362 0.9758734047906519 0.0003781194486979593 0.0005252934430999752 
0.006283478056627625 0.004226500434014006 4.287610196894356e-05 3.5162811009997555e-05 0.0026082372792942676 0.0003175319478666777 0.0023841207024532674 0.9833314733772914 0.0006433653956011859 0.00012725389387278425 
0.0036718835045044724 0.0019804506651173296 2.540129252081263e-05 1.059642636832378e-05 0.0004499353330257943 8.870655343016673e-05 0.0006919060366331288 0.18881164892055302 0.8041779858489086 9.148541893817474e-05 
0.04238433750183824 0.0007531069556593518 2.009810189591229e-05 6.868081212931224e-06 0.00044293986541979246 0.0002079380821319937 0.0002861515225483416 0.07238256772378918 0.8834847146359561 3.127752954805659e-05 
9.175574806134085e-05 6.102727452650349e-05 0.0008896175194692736 0.03948797817838563 5.467835701080378e-05 1.2892318796383341e-05 1.5831847588190854e-05 0.0006657582023284986 0.9587197286103329 7.319435007706975e-07 
0.000210952623466595 7.360638962560657e-05 0.004274380896922023 0.812710137756249 8.334832573994575e-05 1.6848444110337785e-05 2.2603845191011197e-05 0.0014704291573688249 0.18113735464331387 3.379180127162517e-07 
5.8123018343602935e-05 4.356295637738378e-05 0.004493997430445477 0.7333454860668785 3.260996044295371e-05 9.454602164689063e-06 1.491419575191251e-05 0.005615015316216397 0.25638637776544165 4.5868793738141456e-07 
0.0003774039646617585 0.00034349562171629756 0.0006326066279711346 0.758644558871228 0.00017888775881836133 3.9366309471287655e-05 3.822483849644547e-05 0.0023384733662611987 0.2374035404425561 3.4421988194714593e-06 
0.00028899987389100737 0.0005400044203851293 0.014423285112282889 0.8021970245239228 0.0002559324190038719 6.393959587060531e-05 7.311784263436765e-05 0.0077611239116256725 0.17439260036156035 3.971938823511634e-06 
3.518795472674502e-09 7.067287867070829e-10 0.5624093511965366 0.42292849764084367 4.572178245722619e-10 2.8829146078493304e-11 1.72410163657563e-10 0.0016653302806763912 0.012996815997678959 2.830035417300927e-13 
1.9828710767769603e-09 3.8549232931215343e-10 0.842164640675792 0.15476739005314827 6.560259747654283e-11 1.233430545847266e-11 1.161737642666929e-10 1.7759771893735826e-05 0.0030502069364962705 1.9566564784451778e-13 
