 Tlag_pop; 0.1055044150; 0.0491746807; 0.0045199614;-0.0072521082; 0.0009421420; 0.0000000000; 0.0000000000; 0.0000000000;-0.0000000000
   ka_pop; 0.0491746807; 0.1430326651; 0.0096726896; 0.0012665890;-0.0022292359; 0.0000000000; 0.0000000000; 0.0000000000;-0.0000000000
    V_pop; 0.0045199614; 0.0096726896; 0.0330993538; 0.0034194664;-0.0018145010; 0.0000000000; 0.0000000000; 0.0000000000;-0.0000000000
alpha_pop;-0.0072521082; 0.0012665890; 0.0034194664; 0.0937136936;-0.0273532631; 0.0000000000; 0.0000000000; 0.0000000000;-0.0000000000
 beta_pop; 0.0009421420;-0.0022292359;-0.0018145010;-0.0273532631; 0.0082016315; 0.0000000000; 0.0000000000; 0.0000000000;-0.0000000000
 omega_ka; 0.0000000000; 0.0000000000; 0.0000000000; 0.0000000000; 0.0000000000; 0.0631783476;-0.0000226703; 0.0000157030;-0.0003393092
  omega_V; 0.0000000000; 0.0000000000; 0.0000000000; 0.0000000000; 0.0000000000;-0.0000226703; 0.0161172032; 0.0000055045;-0.0001087286
        a; 0.0000000000; 0.0000000000; 0.0000000000; 0.0000000000; 0.0000000000; 0.0000157030; 0.0000055045; 0.0001066995;-0.0003449719
        b; 0.0000000000; 0.0000000000; 0.0000000000; 0.0000000000; 0.0000000000;-0.0003393092;-0.0001087286;-0.0003449719; 0.0017701508
