p0_pop,1.00000,0.05773,0.07935,-0.00855,0.01500,0.00409
alpha_pop,0.05773,1.00000,-0.00164,0.00386,-0.01197,0.00102
tau_pop,0.07935,-0.00164,1.00000,-0.00744,0.01950,-0.00146
omega_alpha,-0.00855,0.00386,-0.00744,1.00000,-0.00963,-0.00041
omega_tau,0.01500,-0.01197,0.01950,-0.00963,1.00000,-0.00244
a,0.00409,0.00102,-0.00146,-0.00041,-0.00244,1.00000
