  Tlag_pop; 0.1292423188; 0.0302821938; 0.0028281316;-0.0016427194; 0.0002380489; 0.0000000000; 0.0000000000; 0.0000000000;-0.0000000000
    ka_pop; 0.0302821938; 0.1340380186; 0.0081563695; 0.0096482433;-0.0046129460; 0.0000000000; 0.0000000000; 0.0000000000;-0.0000000000
     V_pop; 0.0028281316; 0.0081563695; 0.0253648859; 0.0054991908;-0.0023372019; 0.0000000000; 0.0000000000; 0.0000000000; 0.0000000000
 alpha_pop;-0.0016427194; 0.0096482433; 0.0054991908; 0.1107679852;-0.0371903679; 0.0000000000; 0.0000000000; 0.0000000000;-0.0000000000
  beta_pop; 0.0002380489;-0.0046129460;-0.0023372019;-0.0371903679; 0.0126758036; 0.0000000000; 0.0000000000; 0.0000000000;-0.0000000000
omega_Tlag; 0.0000000000; 0.0000000000; 0.0000000000; 0.0000000000; 0.0000000000; 0.3377243614;-0.0088038503;-0.0001974767;-0.0011374892
  omega_ka; 0.0000000000; 0.0000000000; 0.0000000000; 0.0000000000; 0.0000000000;-0.0088038503; 0.0772404619;-0.0000116981;-0.0006563677
   omega_V; 0.0000000000; 0.0000000000; 0.0000000000; 0.0000000000; 0.0000000000;-0.0001974767;-0.0000116981; 0.0131612904;-0.0001178847
         a; 0.0000000000; 0.0000000000; 0.0000000000; 0.0000000000; 0.0000000000;-0.0011374892;-0.0006563677;-0.0001178847; 0.0007113776
