 Tlag_pop; 0.0817235790; 0.0431697738; 0.0037707085;-0.0014434706;-0.0005107670; 0.0000000000; 0.0000000000; 0.0000000000;-0.0000000000
   ka_pop; 0.0431697738; 0.1454583735; 0.0091949885; 0.0053909598;-0.0030987812; 0.0000000000; 0.0000000000; 0.0000000000;-0.0000000000
    V_pop; 0.0037707085; 0.0091949885; 0.0294348428; 0.0043801336;-0.0019088851; 0.0000000000; 0.0000000000; 0.0000000000;-0.0000000000
alpha_pop;-0.0014434706; 0.0053909598; 0.0043801336; 0.1131540914;-0.0299148428; 0.0000000000; 0.0000000000; 0.0000000000;-0.0000000000
 beta_pop;-0.0005107670;-0.0030987812;-0.0019088851;-0.0299148428; 0.0080934501; 0.0000000000; 0.0000000000; 0.0000000000;-0.0000000000
 omega_ka; 0.0000000000; 0.0000000000; 0.0000000000; 0.0000000000; 0.0000000000; 0.0643955476;-0.0000107199; 0.0000186720;-0.0003426697
  omega_V; 0.0000000000; 0.0000000000; 0.0000000000; 0.0000000000; 0.0000000000;-0.0000107199; 0.0141120072; 0.0000029318;-0.0000932060
        a; 0.0000000000; 0.0000000000; 0.0000000000; 0.0000000000; 0.0000000000; 0.0000186720; 0.0000029318; 0.0001005989;-0.0003284638
        b; 0.0000000000; 0.0000000000; 0.0000000000; 0.0000000000; 0.0000000000;-0.0003426697;-0.0000932060;-0.0003284638; 0.0017189144
