 Tlag_pop; 0.1596289675; 0.0621137345; 0.0060818268;-0.0109269880; 0.0016675832; 0.0000000000; 0.0000000000; 0.0000000000;-0.0000000000
   ka_pop; 0.0621137345; 0.1446119459; 0.0103556673; 0.0002044389;-0.0020440851; 0.0000000000; 0.0000000000; 0.0000000000;-0.0000000000
    V_pop; 0.0060818268; 0.0103556673; 0.0321587364; 0.0032160265;-0.0018017099; 0.0000000000; 0.0000000000; 0.0000000000;-0.0000000000
alpha_pop;-0.0109269880; 0.0002044389; 0.0032160265; 0.1071724831;-0.0310829539; 0.0000000000; 0.0000000000; 0.0000000000;-0.0000000000
 beta_pop; 0.0016675832;-0.0020440851;-0.0018017099;-0.0310829539; 0.0092444970; 0.0000000000; 0.0000000000; 0.0000000000;-0.0000000000
 omega_ka; 0.0000000000; 0.0000000000; 0.0000000000; 0.0000000000; 0.0000000000; 0.0633216399;-0.0000274356; 0.0000167943;-0.0003565344
  omega_V; 0.0000000000; 0.0000000000; 0.0000000000; 0.0000000000; 0.0000000000;-0.0000274356; 0.0155875995; 0.0000055308;-0.0001144058
        a; 0.0000000000; 0.0000000000; 0.0000000000; 0.0000000000; 0.0000000000; 0.0000167943; 0.0000055308; 0.0001107352;-0.0003568869
        b; 0.0000000000; 0.0000000000; 0.0000000000; 0.0000000000; 0.0000000000;-0.0003565344;-0.0001144058;-0.0003568869; 0.0018187100
