   Tlag_pop;   1.00000;   0.30663;   0.06217;  -0.01173;  -0.00160;   0.00000;   0.00000;   0.00000;       NaN;       NaN;   0.00000
     ka_pop;   0.30663;   1.00000;   0.16698;   0.07883;  -0.11614;   0.00000;   0.00000;   0.00000;       NaN;       NaN;   0.00000
      V_pop;   0.06217;   0.16698;   1.00000;   0.09949;  -0.12293;   0.00000;   0.00000;   0.00000;       NaN;       NaN;   0.00000
  alpha_pop;  -0.01173;   0.07883;   0.09949;   1.00000;  -0.99199;   0.00000;   0.00000;   0.00000;       NaN;       NaN;   0.00000
   beta_pop;  -0.00160;  -0.11614;  -0.12293;  -0.99199;   1.00000;   0.00000;   0.00000;   0.00000;       NaN;       NaN;   0.00000
 omega_Tlag;   0.00000;   0.00000;   0.00000;   0.00000;   0.00000;   1.00000;  -0.19479;   0.00430;       NaN;       NaN;  -0.06103
   omega_ka;   0.00000;   0.00000;   0.00000;   0.00000;   0.00000;  -0.19479;   1.00000;  -0.00526;       NaN;       NaN;  -0.08685
    omega_V;   0.00000;   0.00000;   0.00000;   0.00000;   0.00000;   0.00430;  -0.00526;   1.00000;       NaN;       NaN;  -0.04123
omega_alpha;       NaN;       NaN;       NaN;       NaN;       NaN;       NaN;       NaN;       NaN;       NaN;       NaN;       NaN
 omega_beta;       NaN;       NaN;       NaN;       NaN;       NaN;       NaN;       NaN;       NaN;       NaN;       NaN;       NaN
          a;   0.00000;   0.00000;   0.00000;   0.00000;   0.00000;  -0.06103;  -0.08685;  -0.04123;       NaN;       NaN;   1.00000
