  Tlag_pop; 0.1686782358; 0.0429224191; 0.0042514088;-0.0015352526;-0.0000847855; 0.0000000000; 0.0000000000; 0.0000000000; 0.0000000000
    ka_pop; 0.0429224191; 0.1161625980; 0.0094765211; 0.0085605764;-0.0051183218; 0.0000000000; 0.0000000000; 0.0000000000; 0.0000000000
     V_pop; 0.0042514088; 0.0094765211; 0.0277270570; 0.0052786326;-0.0026467783; 0.0000000000; 0.0000000000; 0.0000000000; 0.0000000000
 alpha_pop;-0.0015352526; 0.0085605764; 0.0052786326; 0.1015277955;-0.0408717743; 0.0000000000; 0.0000000000; 0.0000000000; 0.0000000000
  beta_pop;-0.0000847855;-0.0051183218;-0.0026467783;-0.0408717743; 0.0167204779; 0.0000000000; 0.0000000000; 0.0000000000; 0.0000000000
omega_Tlag; 0.0000000000; 0.0000000000; 0.0000000000; 0.0000000000; 0.0000000000; 0.2220085220;-0.0259438302; 0.0002449347;-0.0007956698
  omega_ka; 0.0000000000; 0.0000000000; 0.0000000000; 0.0000000000; 0.0000000000;-0.0259438302; 0.0799043610;-0.0001796909;-0.0006792854
   omega_V; 0.0000000000; 0.0000000000; 0.0000000000; 0.0000000000; 0.0000000000; 0.0002449347;-0.0001796909; 0.0146264950;-0.0001379660
         a; 0.0000000000; 0.0000000000; 0.0000000000; 0.0000000000; 0.0000000000;-0.0007956698;-0.0006792854;-0.0001379660; 0.0007656004
