p0_pop,1.00000,0.08119,0.07387,-0.01176,0.00357,0.02626
alpha_pop,0.08119,1.00000,0.00320,0.00251,-0.00949,0.00172
tau_pop,0.07387,0.00320,1.00000,-0.00407,0.00894,0.00302
omega_alpha,-0.01176,0.00251,-0.00407,1.00000,-0.00536,-0.00133
omega_tau,0.00357,-0.00949,0.00894,-0.00536,1.00000,0.00185
a,0.02626,0.00172,0.00302,-0.00133,0.00185,1.00000
