   Tlag_pop;   1.00000;   0.21010;   0.05858;  -0.00442;  -0.00456;   0.00000;   0.00000;   0.00000;       NaN;       NaN;   0.00000
     ka_pop;   0.21010;   1.00000;   0.15809;   0.07212;  -0.10612;   0.00000;   0.00000;   0.00000;       NaN;       NaN;   0.00000
      V_pop;   0.05858;   0.15809;   1.00000;   0.10078;  -0.13831;   0.00000;   0.00000;   0.00000;       NaN;       NaN;   0.00000
  alpha_pop;  -0.00442;   0.07212;   0.10078;   1.00000;  -0.99378;   0.00000;   0.00000;   0.00000;       NaN;       NaN;   0.00000
   beta_pop;  -0.00456;  -0.10612;  -0.13831;  -0.99378;   1.00000;   0.00000;   0.00000;   0.00000;       NaN;       NaN;   0.00000
 omega_Tlag;   0.00000;   0.00000;   0.00000;   0.00000;   0.00000;   1.00000;  -0.12796;  -0.00221;       NaN;       NaN;  -0.08875
   omega_ka;   0.00000;   0.00000;   0.00000;   0.00000;   0.00000;  -0.12796;   1.00000;   0.00091;       NaN;       NaN;  -0.04237
    omega_V;   0.00000;   0.00000;   0.00000;   0.00000;   0.00000;  -0.00221;   0.00091;   1.00000;       NaN;       NaN;  -0.03813
omega_alpha;       NaN;       NaN;       NaN;       NaN;       NaN;       NaN;       NaN;       NaN;       NaN;       NaN;       NaN
 omega_beta;       NaN;       NaN;       NaN;       NaN;       NaN;       NaN;       NaN;       NaN;       NaN;       NaN;       NaN
          a;   0.00000;   0.00000;   0.00000;   0.00000;   0.00000;  -0.08875;  -0.04237;  -0.03813;       NaN;       NaN;   1.00000
