  Tlag_pop; 0.1979325463; 0.0343763481; 0.0037866260;-0.0008618482;-0.0002282670; 0.0000000000; 0.0000000000; 0.0000000000;-0.0000000000
    ka_pop; 0.0343763481; 0.1352496319; 0.0084475880; 0.0116200785;-0.0043932470; 0.0000000000; 0.0000000000; 0.0000000000;-0.0000000000
     V_pop; 0.0037866260; 0.0084475880; 0.0211107800; 0.0064148942;-0.0022622030; 0.0000000000; 0.0000000000; 0.0000000000; 0.0000000000
 alpha_pop;-0.0008618482; 0.0116200785; 0.0064148942; 0.1919375919;-0.0490107877; 0.0000000000; 0.0000000000; 0.0000000000;-0.0000000000
  beta_pop;-0.0002282670;-0.0043932470;-0.0022622030;-0.0490107877; 0.0126719534; 0.0000000000; 0.0000000000; 0.0000000000;-0.0000000000
omega_Tlag; 0.0000000000; 0.0000000000; 0.0000000000; 0.0000000000; 0.0000000000; 0.3130851969;-0.0197843211;-0.0001242623;-0.0012803710
  omega_ka; 0.0000000000; 0.0000000000; 0.0000000000; 0.0000000000; 0.0000000000;-0.0197843211; 0.0763551995; 0.0000253687;-0.0003018511
   omega_V; 0.0000000000; 0.0000000000; 0.0000000000; 0.0000000000; 0.0000000000;-0.0001242623; 0.0000253687; 0.0101437479;-0.0000990062
         a; 0.0000000000; 0.0000000000; 0.0000000000; 0.0000000000; 0.0000000000;-0.0012803710;-0.0003018511;-0.0000990062; 0.0006647347
