              Emax_pop; 0.0192155430;-0.0074599969;-0.0073071039;-0.0104388767; 0.0067930013;-0.0064702591;-0.0066879288;-0.0067935589; 0.0000000000; 0.0000000000;-0.0000000000
 beta_Emax_tDRUG_abata;-0.0074599969; 0.0185394383; 0.0039337558; 0.0057706104;-0.0064279012; 0.0101744406; 0.0063488391; 0.0064280086; 0.0000000000; 0.0000000000;-0.0000000000
 beta_Emax_tDRUG_adali;-0.0073071039; 0.0039337558; 0.0189862894; 0.0055808719;-0.0061384633; 0.0060449976; 0.0111340781; 0.0061385730; 0.0000000000; 0.0000000000;-0.0000000000
beta_Emax_tDRUG_canaki;-0.0104388767; 0.0057706104; 0.0055808719; 0.3033520871;-0.0092583647; 0.0091288652; 0.0091450696; 0.3010060175; 0.0000000000; 0.0000000000;-0.0000000000
               T50_pop; 0.0067930013;-0.0064279012;-0.0061384633;-0.0092583647; 0.0146873712;-0.0146744024;-0.0145261893;-0.0146872145; 0.0000000000; 0.0000000000;-0.0000000000
  beta_T50_tDRUG_abata;-0.0064702591; 0.0101744406; 0.0060449976; 0.0091288652;-0.0146744024; 0.0190549582; 0.0145139644; 0.0146742334; 0.0000000000; 0.0000000000;-0.0000000000
  beta_T50_tDRUG_adali;-0.0066879288; 0.0063488391; 0.0111340781; 0.0091450696;-0.0145261893; 0.0145139644; 0.0267389665; 0.0145260332; 0.0000000000; 0.0000000000;-0.0000000000
 beta_T50_tDRUG_canaki;-0.0067935589; 0.0064280086; 0.0061385730; 0.3010060175;-0.0146872145; 0.0146742334; 0.0145260332; 0.4670054463; 0.0000000000; 0.0000000000;-0.0000000000
      omega_etaBSVEmax; 0.0000000000; 0.0000000000; 0.0000000000; 0.0000000000; 0.0000000000; 0.0000000000; 0.0000000000; 0.0000000000; 0.0027271713;-0.0481727116; 0.0001098429
     gamma_etaBTAVEmax; 0.0000000000; 0.0000000000; 0.0000000000; 0.0000000000; 0.0000000000; 0.0000000000; 0.0000000000; 0.0000000000;-0.0481727116; 1.2781470911;-0.0111202479
                     a; 0.0000000000; 0.0000000000; 0.0000000000; 0.0000000000; 0.0000000000; 0.0000000000; 0.0000000000; 0.0000000000; 0.0001098429;-0.0111202479; 0.0246477831
