   Tlag_pop;   1.00000;   0.22476;   0.05598;  -0.00653;  -0.00411;   0.00000;   0.00000;   0.00000;       NaN;       NaN;   0.00000
     ka_pop;   0.22476;   1.00000;   0.14761;   0.08186;  -0.11756;   0.00000;   0.00000;   0.00000;       NaN;       NaN;   0.00000
      V_pop;   0.05598;   0.14761;   1.00000;   0.10313;  -0.13512;   0.00000;   0.00000;   0.00000;       NaN;       NaN;   0.00000
  alpha_pop;  -0.00653;   0.08186;   0.10313;   1.00000;  -0.99254;   0.00000;   0.00000;   0.00000;       NaN;       NaN;   0.00000
   beta_pop;  -0.00411;  -0.11756;  -0.13512;  -0.99254;   1.00000;   0.00000;   0.00000;   0.00000;       NaN;       NaN;   0.00000
 omega_Tlag;   0.00000;   0.00000;   0.00000;   0.00000;   0.00000;   1.00000;  -0.11070;  -0.00022;       NaN;       NaN;  -0.06443
   omega_ka;   0.00000;   0.00000;   0.00000;   0.00000;   0.00000;  -0.11070;   1.00000;   0.00091;       NaN;       NaN;  -0.07105
    omega_V;   0.00000;   0.00000;   0.00000;   0.00000;   0.00000;  -0.00022;   0.00091;   1.00000;       NaN;       NaN;  -0.03866
omega_alpha;       NaN;       NaN;       NaN;       NaN;       NaN;       NaN;       NaN;       NaN;       NaN;       NaN;       NaN
 omega_beta;       NaN;       NaN;       NaN;       NaN;       NaN;       NaN;       NaN;       NaN;       NaN;       NaN;       NaN
          a;   0.00000;   0.00000;   0.00000;   0.00000;   0.00000;  -0.06443;  -0.07105;  -0.03866;       NaN;       NaN;   1.00000
