  Tlag_pop; 0.1500118195; 0.0330802366; 0.0033866049;-0.0008945094;-0.0001741426; 0.0000000000; 0.0000000000; 0.0000000000;-0.0000000000
    ka_pop; 0.0330802366; 0.1444071180; 0.0087615077; 0.0110030406;-0.0048833567; 0.0000000000; 0.0000000000; 0.0000000000;-0.0000000000
     V_pop; 0.0033866049; 0.0087615077; 0.0243980972; 0.0056977218;-0.0023069811; 0.0000000000; 0.0000000000; 0.0000000000; 0.0000000000
 alpha_pop;-0.0008945094; 0.0110030406; 0.0056977218; 0.1251143423;-0.0383752299; 0.0000000000; 0.0000000000; 0.0000000000;-0.0000000000
  beta_pop;-0.0001741426;-0.0048833567;-0.0023069811;-0.0383752299; 0.0119480393; 0.0000000000; 0.0000000000; 0.0000000000;-0.0000000000
omega_Tlag; 0.0000000000; 0.0000000000; 0.0000000000; 0.0000000000; 0.0000000000; 0.1750478390;-0.0139916833;-0.0000102975;-0.0007084728
  omega_ka; 0.0000000000; 0.0000000000; 0.0000000000; 0.0000000000; 0.0000000000;-0.0139916833; 0.0912633706; 0.0000304991;-0.0005640853
   omega_V; 0.0000000000; 0.0000000000; 0.0000000000; 0.0000000000; 0.0000000000;-0.0000102975; 0.0000304991; 0.0123124154;-0.0001127530
         a; 0.0000000000; 0.0000000000; 0.0000000000; 0.0000000000; 0.0000000000;-0.0007084728;-0.0005640853;-0.0001127530; 0.0006907146
