   Tlag_pop;   1.00000;   0.24524;   0.06645;   0.00333;  -0.01413;   0.00000;   0.00000;   0.00000;       NaN;       NaN;   0.00000
     ka_pop;   0.24524;   1.00000;   0.17666;   0.07275;  -0.10868;   0.00000;   0.00000;   0.00000;       NaN;       NaN;   0.00000
      V_pop;   0.06645;   0.17666;   1.00000;   0.10298;  -0.14225;   0.00000;   0.00000;   0.00000;       NaN;       NaN;   0.00000
  alpha_pop;   0.00333;   0.07275;   0.10298;   1.00000;  -0.99395;   0.00000;   0.00000;   0.00000;       NaN;       NaN;   0.00000
   beta_pop;  -0.01413;  -0.10868;  -0.14225;  -0.99395;   1.00000;   0.00000;   0.00000;   0.00000;       NaN;       NaN;   0.00000
 omega_Tlag;   0.00000;   0.00000;   0.00000;   0.00000;   0.00000;   1.00000;  -0.12399;   0.00255;       NaN;       NaN;  -0.08151
   omega_ka;   0.00000;   0.00000;   0.00000;   0.00000;   0.00000;  -0.12399;   1.00000;  -0.00058;       NaN;       NaN;  -0.04673
    omega_V;   0.00000;   0.00000;   0.00000;   0.00000;   0.00000;   0.00255;  -0.00058;   1.00000;       NaN;       NaN;  -0.03940
omega_alpha;       NaN;       NaN;       NaN;       NaN;       NaN;       NaN;       NaN;       NaN;       NaN;       NaN;       NaN
 omega_beta;       NaN;       NaN;       NaN;       NaN;       NaN;       NaN;       NaN;       NaN;       NaN;       NaN;       NaN
          a;   0.00000;   0.00000;   0.00000;   0.00000;   0.00000;  -0.08151;  -0.04673;  -0.03940;       NaN;       NaN;   1.00000
