  Tlag_pop; 0.2202507577; 0.0402027312; 0.0044666721; 0.0007158233;-0.0007617884; 0.0000000000; 0.0000000000; 0.0000000000;-0.0000000000
    ka_pop; 0.0402027312; 0.1220156016; 0.0088386688; 0.0116452315;-0.0043622805; 0.0000000000; 0.0000000000; 0.0000000000;-0.0000000000
     V_pop; 0.0044666721; 0.0088386688; 0.0205146070; 0.0067590843;-0.0023412477; 0.0000000000; 0.0000000000; 0.0000000000; 0.0000000000
 alpha_pop; 0.0007158233; 0.0116452315; 0.0067590843; 0.2099944040;-0.0523383338; 0.0000000000; 0.0000000000; 0.0000000000;-0.0000000000
  beta_pop;-0.0007617884;-0.0043622805;-0.0023412477;-0.0523383338; 0.0132038042; 0.0000000000; 0.0000000000; 0.0000000000;-0.0000000000
omega_Tlag; 0.0000000000; 0.0000000000; 0.0000000000; 0.0000000000; 0.0000000000; 0.2896459928;-0.0173671471; 0.0001351533;-0.0011381204
  omega_ka; 0.0000000000; 0.0000000000; 0.0000000000; 0.0000000000; 0.0000000000;-0.0173671471; 0.0677300543;-0.0000149781;-0.0003155254
   omega_V; 0.0000000000; 0.0000000000; 0.0000000000; 0.0000000000; 0.0000000000; 0.0001351533;-0.0000149781; 0.0096927135;-0.0001006360
         a; 0.0000000000; 0.0000000000; 0.0000000000; 0.0000000000; 0.0000000000;-0.0011381204;-0.0003155254;-0.0001006360; 0.0006731575
