 Tlag_pop; 0.0814245167; 0.0436509268; 0.0038237798;-0.0023147260;-0.0002890193; 0.0000000000; 0.0000000000; 0.0000000000;-0.0000000000
   ka_pop; 0.0436509268; 0.1570004971; 0.0093775781; 0.0048443367;-0.0030069547; 0.0000000000; 0.0000000000; 0.0000000000;-0.0000000000
    V_pop; 0.0038237798; 0.0093775781; 0.0292698448; 0.0042157647;-0.0018769781; 0.0000000000; 0.0000000000; 0.0000000000;-0.0000000000
alpha_pop;-0.0023147260; 0.0048443367; 0.0042157647; 0.1143395890;-0.0304280523; 0.0000000000; 0.0000000000; 0.0000000000;-0.0000000000
 beta_pop;-0.0002890193;-0.0030069547;-0.0018769781;-0.0304280523; 0.0082854229; 0.0000000000; 0.0000000000; 0.0000000000;-0.0000000000
 omega_ka; 0.0000000000; 0.0000000000; 0.0000000000; 0.0000000000; 0.0000000000; 0.0702888286;-0.0000103507; 0.0000222272;-0.0003617888
  omega_V; 0.0000000000; 0.0000000000; 0.0000000000; 0.0000000000; 0.0000000000;-0.0000103507; 0.0140690426; 0.0000033978;-0.0000970223
        a; 0.0000000000; 0.0000000000; 0.0000000000; 0.0000000000; 0.0000000000; 0.0000222272; 0.0000033978; 0.0001027203;-0.0003344592
        b; 0.0000000000; 0.0000000000; 0.0000000000; 0.0000000000; 0.0000000000;-0.0003617888;-0.0000970223;-0.0003344592; 0.0017394945
