 Tlag_pop; 0.0702811792; 0.0409261815; 0.0035561630; 0.0000073485;-0.0008374964; 0.0000000000; 0.0000000000; 0.0000000000;-0.0000000000
   ka_pop; 0.0409261815; 0.1455270625; 0.0091771104; 0.0067133321;-0.0034328080; 0.0000000000; 0.0000000000; 0.0000000000;-0.0000000000
    V_pop; 0.0035561630; 0.0091771104; 0.0290653991; 0.0047647917;-0.0019921389; 0.0000000000; 0.0000000000; 0.0000000000;-0.0000000000
alpha_pop; 0.0000073485; 0.0067133321; 0.0047647917; 0.1135476179;-0.0299345283; 0.0000000000; 0.0000000000; 0.0000000000;-0.0000000000
 beta_pop;-0.0008374964;-0.0034328080;-0.0019921389;-0.0299345283; 0.0080736952; 0.0000000000; 0.0000000000; 0.0000000000;-0.0000000000
 omega_ka; 0.0000000000; 0.0000000000; 0.0000000000; 0.0000000000; 0.0000000000; 0.0640536029;-0.0000100336; 0.0000191151;-0.0003472559
  omega_V; 0.0000000000; 0.0000000000; 0.0000000000; 0.0000000000; 0.0000000000;-0.0000100336; 0.0139365033; 0.0000031004;-0.0000931216
        a; 0.0000000000; 0.0000000000; 0.0000000000; 0.0000000000; 0.0000000000; 0.0000191151; 0.0000031004; 0.0001026331;-0.0003347209
        b; 0.0000000000; 0.0000000000; 0.0000000000; 0.0000000000; 0.0000000000;-0.0003472559;-0.0000931216;-0.0003347209; 0.0017377029
