   Tlag_pop;   1.00000;   0.25731;   0.07188;  -0.00637;  -0.00488;   0.00000;   0.00000;   0.00000;       NaN;       NaN;   0.00000
     ka_pop;   0.25731;   1.00000;   0.17466;   0.06223;  -0.09806;   0.00000;   0.00000;   0.00000;       NaN;       NaN;   0.00000
      V_pop;   0.07188;   0.17466;   1.00000;   0.09489;  -0.13427;   0.00000;   0.00000;   0.00000;       NaN;       NaN;   0.00000
  alpha_pop;  -0.00637;   0.06223;   0.09489;   1.00000;  -0.99387;   0.00000;   0.00000;   0.00000;       NaN;       NaN;   0.00000
   beta_pop;  -0.00488;  -0.09806;  -0.13427;  -0.99387;   1.00000;   0.00000;   0.00000;   0.00000;       NaN;       NaN;   0.00000
 omega_Tlag;   0.00000;   0.00000;   0.00000;   0.00000;   0.00000;   1.00000;  -0.12700;   0.00447;       NaN;       NaN;  -0.08442
   omega_ka;   0.00000;   0.00000;   0.00000;   0.00000;   0.00000;  -0.12700;   1.00000;  -0.00193;       NaN;       NaN;  -0.03778
    omega_V;   0.00000;   0.00000;   0.00000;   0.00000;   0.00000;   0.00447;  -0.00193;   1.00000;       NaN;       NaN;  -0.03940
omega_alpha;       NaN;       NaN;       NaN;       NaN;       NaN;       NaN;       NaN;       NaN;       NaN;       NaN;       NaN
 omega_beta;       NaN;       NaN;       NaN;       NaN;       NaN;       NaN;       NaN;       NaN;       NaN;       NaN;       NaN
          a;   0.00000;   0.00000;   0.00000;   0.00000;   0.00000;  -0.08442;  -0.03778;  -0.03940;       NaN;       NaN;   1.00000
