              Emax_pop; 0.0205318498;-0.0099072681;-0.0099156204;-0.0125319157; 0.0068836256;-0.0065636820;-0.0068134813;-0.0068841366; 0.0000000000; 0.0000000000;-0.0000000000
 beta_Emax_tDRUG_abata;-0.0099072681; 0.0237553093; 0.0055713385; 0.0072953658;-0.0065763507; 0.0104438216; 0.0065229532; 0.0065765175; 0.0000000000; 0.0000000000;-0.0000000000
 beta_Emax_tDRUG_adali;-0.0099156204; 0.0055713385; 0.0257368209; 0.0072082180;-0.0063386358; 0.0062074060; 0.0114198060; 0.0063388087; 0.0000000000; 0.0000000000;-0.0000000000
beta_Emax_tDRUG_canaki;-0.0125319157; 0.0072953658; 0.0072082180; 0.3152697569;-0.0089842728; 0.0088259342; 0.0089127305; 0.2958147533; 0.0000000000; 0.0000000000;-0.0000000000
               T50_pop; 0.0068836256;-0.0065763507;-0.0063386358;-0.0089842728; 0.0147780644;-0.0147671227;-0.0146796421;-0.0147779302; 0.0000000000; 0.0000000000;-0.0000000000
  beta_T50_tDRUG_abata;-0.0065636820; 0.0104438216; 0.0062074060; 0.0088259342;-0.0147671227; 0.0191692284; 0.0146692149; 0.0147669782; 0.0000000000; 0.0000000000;-0.0000000000
  beta_T50_tDRUG_adali;-0.0068134813; 0.0065229532; 0.0114198060; 0.0089127305;-0.0146796421; 0.0146692149; 0.0270629122; 0.0146795080; 0.0000000000; 0.0000000000;-0.0000000000
 beta_T50_tDRUG_canaki;-0.0068841366; 0.0065765175; 0.0063388087; 0.2958147533;-0.0147779302; 0.0147669782; 0.0146795080; 0.4888878666; 0.0000000000; 0.0000000000;-0.0000000000
      omega_etaBSVEmax; 0.0000000000; 0.0000000000; 0.0000000000; 0.0000000000; 0.0000000000; 0.0000000000; 0.0000000000; 0.0000000000; 0.0053326853;-0.0648999751; 0.0001055422
     gamma_etaBTAVEmax; 0.0000000000; 0.0000000000; 0.0000000000; 0.0000000000; 0.0000000000; 0.0000000000; 0.0000000000; 0.0000000000;-0.0648999751; 1.2964433113;-0.0083964166
                     a; 0.0000000000; 0.0000000000; 0.0000000000; 0.0000000000; 0.0000000000; 0.0000000000; 0.0000000000; 0.0000000000; 0.0001055422;-0.0083964166; 0.0248396829
