   Tlag_pop;   1.00000;   0.24937;   0.06900;  -0.00382;  -0.00703;   0.00000;   0.00000;   0.00000;       NaN;       NaN;   0.00000
     ka_pop;   0.24937;   1.00000;   0.16170;   0.07386;  -0.10896;   0.00000;   0.00000;   0.00000;       NaN;       NaN;   0.00000
      V_pop;   0.06900;   0.16170;   1.00000;   0.10333;  -0.14057;   0.00000;   0.00000;   0.00000;       NaN;       NaN;   0.00000
  alpha_pop;  -0.00382;   0.07386;   0.10333;   1.00000;  -0.99346;   0.00000;   0.00000;   0.00000;       NaN;       NaN;   0.00000
   beta_pop;  -0.00703;  -0.10896;  -0.14057;  -0.99346;   1.00000;   0.00000;   0.00000;   0.00000;       NaN;       NaN;   0.00000
 omega_Tlag;   0.00000;   0.00000;   0.00000;   0.00000;   0.00000;   1.00000;  -0.13417;  -0.00018;       NaN;       NaN;  -0.08972
   omega_ka;   0.00000;   0.00000;   0.00000;   0.00000;   0.00000;  -0.13417;   1.00000;  -0.00007;       NaN;       NaN;  -0.04492
    omega_V;   0.00000;   0.00000;   0.00000;   0.00000;   0.00000;  -0.00018;  -0.00007;   1.00000;       NaN;       NaN;  -0.03851
omega_alpha;       NaN;       NaN;       NaN;       NaN;       NaN;       NaN;       NaN;       NaN;       NaN;       NaN;       NaN
 omega_beta;       NaN;       NaN;       NaN;       NaN;       NaN;       NaN;       NaN;       NaN;       NaN;       NaN;       NaN
          a;   0.00000;   0.00000;   0.00000;   0.00000;   0.00000;  -0.08972;  -0.04492;  -0.03851;       NaN;       NaN;   1.00000
