  Tlag_pop; 0.2026996192; 0.0424851644; 0.0045928650;-0.0007264205;-0.0003532831; 0.0000000000; 0.0000000000; 0.0000000000;-0.0000000000
    ka_pop; 0.0424851644; 0.1431945818; 0.0090460016; 0.0118013139;-0.0046054237; 0.0000000000; 0.0000000000; 0.0000000000;-0.0000000000
     V_pop; 0.0045928650; 0.0090460016; 0.0218556157; 0.0064502592;-0.0023212100; 0.0000000000; 0.0000000000; 0.0000000000; 0.0000000000
 alpha_pop;-0.0007264205; 0.0118013139; 0.0064502592; 0.1782850271;-0.0468533046; 0.0000000000; 0.0000000000; 0.0000000000;-0.0000000000
  beta_pop;-0.0003532831;-0.0046054237;-0.0023212100;-0.0468533046; 0.0124757652; 0.0000000000; 0.0000000000; 0.0000000000;-0.0000000000
omega_Tlag; 0.0000000000; 0.0000000000; 0.0000000000; 0.0000000000; 0.0000000000; 0.3062680748;-0.0210220308;-0.0000100244;-0.0012904934
  omega_ka; 0.0000000000; 0.0000000000; 0.0000000000; 0.0000000000; 0.0000000000;-0.0210220308; 0.0801532557;-0.0000021826;-0.0003305534
   omega_V; 0.0000000000; 0.0000000000; 0.0000000000; 0.0000000000; 0.0000000000;-0.0000100244;-0.0000021826; 0.0105890093;-0.0001029917
         a; 0.0000000000; 0.0000000000; 0.0000000000; 0.0000000000; 0.0000000000;-0.0012904934;-0.0003305534;-0.0001029917; 0.0006754563
