              Emax_pop; 0.0193872071;-0.0112813285;-0.0115878925;-0.0132382338; 0.0064186484;-0.0060844608;-0.0063771089;-0.0064189866; 0.0000000000; 0.0000000000;-0.0000000000
 beta_Emax_tDRUG_abata;-0.0112813285; 0.0275525805; 0.0071270641; 0.0083254248;-0.0061712659; 0.0102896240; 0.0061392350; 0.0061714285; 0.0000000000; 0.0000000000;-0.0000000000
 beta_Emax_tDRUG_adali;-0.0115878925; 0.0071270641; 0.0298770053; 0.0084741506;-0.0060354355; 0.0058513590; 0.0109324824; 0.0060356067; 0.0000000000; 0.0000000000;-0.0000000000
beta_Emax_tDRUG_canaki;-0.0132382338; 0.0083254248; 0.0084741506; 0.4451534710;-0.0079444859; 0.0077416722; 0.0079046318; 0.3313670098; 0.0000000000; 0.0000000000;-0.0000000000
               T50_pop; 0.0064186484;-0.0061712659;-0.0060354355;-0.0079444859; 0.0160719001;-0.0160606466;-0.0160131561;-0.0160718162; 0.0000000000; 0.0000000000;-0.0000000000
  beta_T50_tDRUG_abata;-0.0060844608; 0.0102896240; 0.0058513590; 0.0077416722;-0.0160606466; 0.0200840775; 0.0160022980; 0.0160605554; 0.0000000000; 0.0000000000;-0.0000000000
  beta_T50_tDRUG_adali;-0.0063771089; 0.0061392350; 0.0109324824; 0.0079046318;-0.0160131561; 0.0160022980; 0.0281108420; 0.0160130721; 0.0000000000; 0.0000000000;-0.0000000000
 beta_T50_tDRUG_canaki;-0.0064189866; 0.0061714285; 0.0060356067; 0.3313670098;-0.0160718162; 0.0160605554; 0.0160130721; 0.3975356119; 0.0000000000; 0.0000000000;-0.0000000000
      omega_etaBSVEmax; 0.0000000000; 0.0000000000; 0.0000000000; 0.0000000000; 0.0000000000; 0.0000000000; 0.0000000000; 0.0000000000; 0.0086797089;-0.0769738619; 0.0000969473
     gamma_etaBTAVEmax; 0.0000000000; 0.0000000000; 0.0000000000; 0.0000000000; 0.0000000000; 0.0000000000; 0.0000000000; 0.0000000000;-0.0769738619; 1.2521274663;-0.0067291746
                     a; 0.0000000000; 0.0000000000; 0.0000000000; 0.0000000000; 0.0000000000; 0.0000000000; 0.0000000000; 0.0000000000; 0.0000969473;-0.0067291746; 0.0240998384
