p0_pop,1.00000,0.08393,0.14815,-0.02628,0.01426,0.06213
alpha_pop,0.08393,1.00000,0.00490,0.01225,-0.01619,0.00324
tau_pop,0.14815,0.00490,1.00000,-0.00849,0.01885,0.00711
omega_alpha,-0.02628,0.01225,-0.00849,1.00000,-0.01071,-0.01126
omega_tau,0.01426,-0.01619,0.01885,-0.01071,1.00000,-0.00406
a,0.06213,0.00324,0.00711,-0.01126,-0.00406,1.00000
