   Tlag_pop;   1.00000;   0.22970;   0.05895;   0.00249;  -0.01265;   0.00000;   0.00000;   0.00000;       NaN;       NaN;   0.00000
     ka_pop;   0.22970;   1.00000;   0.17590;   0.08370;  -0.11991;   0.00000;   0.00000;   0.00000;       NaN;       NaN;   0.00000
      V_pop;   0.05895;   0.17590;   1.00000;   0.11237;  -0.15035;   0.00000;   0.00000;   0.00000;       NaN;       NaN;   0.00000
  alpha_pop;   0.00249;   0.08370;   0.11237;   1.00000;  -0.99385;   0.00000;   0.00000;   0.00000;       NaN;       NaN;   0.00000
   beta_pop;  -0.01265;  -0.11991;  -0.15035;  -0.99385;   1.00000;   0.00000;   0.00000;   0.00000;       NaN;       NaN;   0.00000
 omega_Tlag;   0.00000;   0.00000;   0.00000;   0.00000;   0.00000;   1.00000;  -0.13354;   0.00195;       NaN;       NaN;  -0.08153
   omega_ka;   0.00000;   0.00000;   0.00000;   0.00000;   0.00000;  -0.13354;   1.00000;   0.00022;       NaN;       NaN;  -0.05291
    omega_V;   0.00000;   0.00000;   0.00000;   0.00000;   0.00000;   0.00195;   0.00022;   1.00000;       NaN;       NaN;  -0.04003
omega_alpha;       NaN;       NaN;       NaN;       NaN;       NaN;       NaN;       NaN;       NaN;       NaN;       NaN;       NaN
 omega_beta;       NaN;       NaN;       NaN;       NaN;       NaN;       NaN;       NaN;       NaN;       NaN;       NaN;       NaN
          a;   0.00000;   0.00000;   0.00000;   0.00000;   0.00000;  -0.08153;  -0.05291;  -0.04003;       NaN;       NaN;   1.00000
