  Tlag_pop; 0.1840535319; 0.0342972486; 0.0036658634; 0.0004775533;-0.0006306624; 0.0000000000; 0.0000000000; 0.0000000000;-0.0000000000
    ka_pop; 0.0342972486; 0.1211321237; 0.0088743670; 0.0129998324;-0.0048506955; 0.0000000000; 0.0000000000; 0.0000000000;-0.0000000000
     V_pop; 0.0036658634; 0.0088743670; 0.0210137395; 0.0072692639;-0.0025332252; 0.0000000000; 0.0000000000; 0.0000000000; 0.0000000000
 alpha_pop; 0.0004775533; 0.0129998324; 0.0072692639; 0.1991505859;-0.0515501359; 0.0000000000; 0.0000000000; 0.0000000000;-0.0000000000
  beta_pop;-0.0006306624;-0.0048506955;-0.0025332252;-0.0515501359; 0.0135093829; 0.0000000000; 0.0000000000; 0.0000000000;-0.0000000000
omega_Tlag; 0.0000000000; 0.0000000000; 0.0000000000; 0.0000000000; 0.0000000000; 0.2542317462;-0.0178805520; 0.0000986540;-0.0010764418
  omega_ka; 0.0000000000; 0.0000000000; 0.0000000000; 0.0000000000; 0.0000000000;-0.0178805520; 0.0705177685; 0.0000058447;-0.0003679125
   omega_V; 0.0000000000; 0.0000000000; 0.0000000000; 0.0000000000; 0.0000000000; 0.0000986540; 0.0000058447; 0.0100360143;-0.0001050138
         a; 0.0000000000; 0.0000000000; 0.0000000000; 0.0000000000; 0.0000000000;-0.0010764418;-0.0003679125;-0.0001050138; 0.0006856161
