              Emax_pop; 0.0199345923;-0.0095621325;-0.0097516729;-0.0117529744; 0.0063710383;-0.0060122517;-0.0063187467;-0.0063715414; 0.0000000000; 0.0000000000;-0.0000000000
 beta_Emax_tDRUG_abata;-0.0095621325; 0.0246705232; 0.0052584501; 0.0065738313;-0.0060532079; 0.0100391159; 0.0060145936; 0.0060533917; 0.0000000000; 0.0000000000;-0.0000000000
 beta_Emax_tDRUG_adali;-0.0097516729; 0.0052584501; 0.0263484375; 0.0066237439;-0.0059158250; 0.0057601150; 0.0108349777; 0.0059160174; 0.0000000000; 0.0000000000;-0.0000000000
beta_Emax_tDRUG_canaki;-0.0117529744; 0.0065738313; 0.0066237439; 0.2902970113;-0.0082683089; 0.0080886964; 0.0082171083; 0.2806807514; 0.0000000000; 0.0000000000;-0.0000000000
               T50_pop; 0.0063710383;-0.0060532079;-0.0059158250;-0.0082683089; 0.0164810124;-0.0164685320;-0.0163990863;-0.0164808958; 0.0000000000; 0.0000000000;-0.0000000000
  beta_T50_tDRUG_abata;-0.0060122517; 0.0100391159; 0.0057601150; 0.0080886964;-0.0164685320; 0.0205135601; 0.0163870857; 0.0164684044; 0.0000000000; 0.0000000000;-0.0000000000
  beta_T50_tDRUG_adali;-0.0063187467; 0.0060145936; 0.0108349777; 0.0082171083;-0.0163990863; 0.0163870857; 0.0284577284; 0.0163989695; 0.0000000000; 0.0000000000;-0.0000000000
 beta_T50_tDRUG_canaki;-0.0063715414; 0.0060533917; 0.0059160174; 0.2806807514;-0.0164808958; 0.0164684044; 0.0163989695; 0.5148633456; 0.0000000000; 0.0000000000;-0.0000000000
      omega_etaBSVEmax; 0.0000000000; 0.0000000000; 0.0000000000; 0.0000000000; 0.0000000000; 0.0000000000; 0.0000000000; 0.0000000000; 0.0059694908;-0.0671952696; 0.0000903839
     gamma_etaBTAVEmax; 0.0000000000; 0.0000000000; 0.0000000000; 0.0000000000; 0.0000000000; 0.0000000000; 0.0000000000; 0.0000000000;-0.0671952696; 1.2692672256;-0.0073298664
                     a; 0.0000000000; 0.0000000000; 0.0000000000; 0.0000000000; 0.0000000000; 0.0000000000; 0.0000000000; 0.0000000000; 0.0000903839;-0.0073298664; 0.0240234114
