   Tlag_pop;   1.00000;   0.23730;   0.06218;  -0.00367;  -0.00664;   0.00000;   0.00000;   0.00000;       NaN;       NaN;   0.00000
     ka_pop;   0.23730;   1.00000;   0.15759;   0.07264;  -0.10686;   0.00000;   0.00000;   0.00000;       NaN;       NaN;   0.00000
      V_pop;   0.06218;   0.15759;   1.00000;   0.10109;  -0.13824;   0.00000;   0.00000;   0.00000;       NaN;       NaN;   0.00000
  alpha_pop;  -0.00367;   0.07264;   0.10109;   1.00000;  -0.99363;   0.00000;   0.00000;   0.00000;       NaN;       NaN;   0.00000
   beta_pop;  -0.00664;  -0.10686;  -0.13824;  -0.99363;   1.00000;   0.00000;   0.00000;   0.00000;       NaN;       NaN;   0.00000
 omega_Tlag;   0.00000;   0.00000;   0.00000;   0.00000;   0.00000;   1.00000;  -0.13539;   0.00076;       NaN;       NaN;  -0.09423
   omega_ka;   0.00000;   0.00000;   0.00000;   0.00000;   0.00000;  -0.13539;   1.00000;   0.00037;       NaN;       NaN;  -0.04481
    omega_V;   0.00000;   0.00000;   0.00000;   0.00000;   0.00000;   0.00076;   0.00037;   1.00000;       NaN;       NaN;  -0.03820
omega_alpha;       NaN;       NaN;       NaN;       NaN;       NaN;       NaN;       NaN;       NaN;       NaN;       NaN;       NaN
 omega_beta;       NaN;       NaN;       NaN;       NaN;       NaN;       NaN;       NaN;       NaN;       NaN;       NaN;       NaN
          a;   0.00000;   0.00000;   0.00000;   0.00000;   0.00000;  -0.09423;  -0.04481;  -0.03820;       NaN;       NaN;   1.00000
