  Tlag_pop; 0.1623500881; 0.0361403358; 0.0036626901;-0.0006287834;-0.0002973553; 0.0000000000; 0.0000000000; 0.0000000000;-0.0000000000
    ka_pop; 0.0361403358; 0.1428675005; 0.0087086344; 0.0116853736;-0.0044899106; 0.0000000000; 0.0000000000; 0.0000000000;-0.0000000000
     V_pop; 0.0036626901; 0.0087086344; 0.0213743977; 0.0062900810;-0.0022466096; 0.0000000000; 0.0000000000; 0.0000000000; 0.0000000000
 alpha_pop;-0.0006287834; 0.0116853736; 0.0062900810; 0.1811370330;-0.0470072585; 0.0000000000; 0.0000000000; 0.0000000000;-0.0000000000
  beta_pop;-0.0002973553;-0.0044899106;-0.0022466096;-0.0470072585; 0.0123559438; 0.0000000000; 0.0000000000; 0.0000000000;-0.0000000000
omega_Tlag; 0.0000000000; 0.0000000000; 0.0000000000; 0.0000000000; 0.0000000000; 0.2599106004;-0.0196775941; 0.0000392981;-0.0012432358
  omega_ka; 0.0000000000; 0.0000000000; 0.0000000000; 0.0000000000; 0.0000000000;-0.0196775941; 0.0812686867; 0.0000107289;-0.0003306113
   omega_V; 0.0000000000; 0.0000000000; 0.0000000000; 0.0000000000; 0.0000000000; 0.0000392981; 0.0000107289; 0.0103117933;-0.0001003857
         a; 0.0000000000; 0.0000000000; 0.0000000000; 0.0000000000; 0.0000000000;-0.0012432358;-0.0003306113;-0.0001003857; 0.0006697152
