p0_pop,1.00000,0.08062,0.10517,-0.00512,0.02117,0.11364
alpha_pop,0.08062,1.00000,0.00324,0.00257,-0.01075,0.00663
tau_pop,0.10517,0.00324,1.00000,-0.00477,0.01759,0.01335
omega_alpha,-0.00512,0.00257,-0.00477,1.00000,-0.00787,-0.00455
omega_tau,0.02117,-0.01075,0.01759,-0.00787,1.00000,0.00262
a,0.11364,0.00663,0.01335,-0.00455,0.00262,1.00000
