   Tlag_pop;   1.00000;   0.24398;   0.05796;   0.00659;  -0.01714;   0.00000;   0.00000;   0.00000;       NaN;       NaN;   0.00000
     ka_pop;   0.24398;   1.00000;   0.16854;   0.09057;  -0.12842;   0.00000;   0.00000;   0.00000;       NaN;       NaN;   0.00000
      V_pop;   0.05796;   0.16854;   1.00000;   0.11104;  -0.14616;   0.00000;   0.00000;   0.00000;       NaN;       NaN;   0.00000
  alpha_pop;   0.00659;   0.09057;   0.11104;   1.00000;  -0.99305;   0.00000;   0.00000;   0.00000;       NaN;       NaN;   0.00000
   beta_pop;  -0.01714;  -0.12842;  -0.14616;  -0.99305;   1.00000;   0.00000;   0.00000;   0.00000;       NaN;       NaN;   0.00000
 omega_Tlag;   0.00000;   0.00000;   0.00000;   0.00000;   0.00000;   1.00000;  -0.11318;   0.00085;       NaN;       NaN;  -0.05532
   omega_ka;   0.00000;   0.00000;   0.00000;   0.00000;   0.00000;  -0.11318;   1.00000;   0.00035;       NaN;       NaN;  -0.07406
    omega_V;   0.00000;   0.00000;   0.00000;   0.00000;   0.00000;   0.00085;   0.00035;   1.00000;       NaN;       NaN;  -0.03867
omega_alpha;       NaN;       NaN;       NaN;       NaN;       NaN;       NaN;       NaN;       NaN;       NaN;       NaN;       NaN
 omega_beta;       NaN;       NaN;       NaN;       NaN;       NaN;       NaN;       NaN;       NaN;       NaN;       NaN;       NaN
          a;   0.00000;   0.00000;   0.00000;   0.00000;   0.00000;  -0.05532;  -0.07406;  -0.03867;       NaN;       NaN;   1.00000
