  Tlag_pop; 0.1804317922; 0.0359976573; 0.0037507889; 0.0011000213;-0.0008089736; 0.0000000000; 0.0000000000; 0.0000000000;-0.0000000000
    ka_pop; 0.0359976573; 0.1206523436; 0.0089188229; 0.0123626336;-0.0049556801; 0.0000000000; 0.0000000000; 0.0000000000;-0.0000000000
     V_pop; 0.0037507889; 0.0089188229; 0.0232104878; 0.0066477749;-0.0024738781; 0.0000000000; 0.0000000000; 0.0000000000; 0.0000000000
 alpha_pop; 0.0011000213; 0.0123626336; 0.0066477749; 0.1544226831;-0.0433531408; 0.0000000000; 0.0000000000; 0.0000000000;-0.0000000000
  beta_pop;-0.0008089736;-0.0049556801;-0.0024738781;-0.0433531408; 0.0123421654; 0.0000000000; 0.0000000000; 0.0000000000;-0.0000000000
omega_Tlag; 0.0000000000; 0.0000000000; 0.0000000000; 0.0000000000; 0.0000000000; 0.1945865231;-0.0136428095; 0.0000402133;-0.0006463093
  omega_ka; 0.0000000000; 0.0000000000; 0.0000000000; 0.0000000000; 0.0000000000;-0.0136428095; 0.0746746266; 0.0000102628;-0.0005360342
   omega_V; 0.0000000000; 0.0000000000; 0.0000000000; 0.0000000000; 0.0000000000; 0.0000402133; 0.0000102628; 0.0114247017;-0.0001094745
         a; 0.0000000000; 0.0000000000; 0.0000000000; 0.0000000000; 0.0000000000;-0.0006463093;-0.0005360342;-0.0001094745; 0.0007014375
