   Tlag_pop;   1.00000;   0.23459;   0.06067;   0.00236;  -0.01268;   0.00000;   0.00000;   0.00000;       NaN;       NaN;   0.00000
     ka_pop;   0.23459;   1.00000;   0.16591;   0.07508;  -0.10992;   0.00000;   0.00000;   0.00000;       NaN;       NaN;   0.00000
      V_pop;   0.06067;   0.16591;   1.00000;   0.10505;  -0.14411;   0.00000;   0.00000;   0.00000;       NaN;       NaN;   0.00000
  alpha_pop;   0.00236;   0.07508;   0.10505;   1.00000;  -0.99373;   0.00000;   0.00000;   0.00000;       NaN;       NaN;   0.00000
   beta_pop;  -0.01268;  -0.10992;  -0.14411;  -0.99373;   1.00000;   0.00000;   0.00000;   0.00000;       NaN;       NaN;   0.00000
 omega_Tlag;   0.00000;   0.00000;   0.00000;   0.00000;   0.00000;   1.00000;  -0.14321;   0.00296;       NaN;       NaN;  -0.09677
   omega_ka;   0.00000;   0.00000;   0.00000;   0.00000;   0.00000;  -0.14321;   1.00000;  -0.00016;       NaN;       NaN;  -0.03988
    omega_V;   0.00000;   0.00000;   0.00000;   0.00000;   0.00000;   0.00296;  -0.00016;   1.00000;       NaN;       NaN;  -0.03916
omega_alpha;       NaN;       NaN;       NaN;       NaN;       NaN;       NaN;       NaN;       NaN;       NaN;       NaN;       NaN
 omega_beta;       NaN;       NaN;       NaN;       NaN;       NaN;       NaN;       NaN;       NaN;       NaN;       NaN;       NaN
          a;   0.00000;   0.00000;   0.00000;   0.00000;   0.00000;  -0.09677;  -0.03988;  -0.03916;       NaN;       NaN;   1.00000
