              Emax_pop; 0.0189270419;-0.0110032430;-0.0112233639;-0.0129875124; 0.0064548728;-0.0061513252;-0.0064102579;-0.0064551360; 0.0000000000; 0.0000000000;-0.0000000000
 beta_Emax_tDRUG_abata;-0.0110032430; 0.0261787901; 0.0069333466; 0.0082121779;-0.0062076827; 0.0101590683; 0.0061730560; 0.0062078064; 0.0000000000; 0.0000000000;-0.0000000000
 beta_Emax_tDRUG_adali;-0.0112233639; 0.0069333466; 0.0287989648; 0.0083016087;-0.0060542076; 0.0058896777; 0.0109409834; 0.0060543371; 0.0000000000; 0.0000000000;-0.0000000000
beta_Emax_tDRUG_canaki;-0.0129875124; 0.0082121779; 0.0083016087; 0.7133986409;-0.0080357213; 0.0078524840; 0.0079923422; 0.4364730900; 0.0000000000; 0.0000000000;-0.0000000000
               T50_pop; 0.0064548728;-0.0062076827;-0.0060542076;-0.0080357213; 0.0155789265;-0.0155683365;-0.0155163621;-0.0155788564; 0.0000000000; 0.0000000000;-0.0000000000
  beta_T50_tDRUG_abata;-0.0061513252; 0.0101590683; 0.0058896777; 0.0078524840;-0.0155683365; 0.0197202904; 0.0155061587; 0.0155682611; 0.0000000000; 0.0000000000;-0.0000000000
  beta_T50_tDRUG_adali;-0.0064102579; 0.0061730560; 0.0109409834; 0.0079923422;-0.0155163621; 0.0155061587; 0.0275651501; 0.0155162920; 0.0000000000; 0.0000000000;-0.0000000000
 beta_T50_tDRUG_canaki;-0.0064551360; 0.0062078064; 0.0060543371; 0.4364730900;-0.0155788564; 0.0155682611; 0.0155162920; 0.3659496400; 0.0000000000; 0.0000000000;-0.0000000000
      omega_etaBSVEmax; 0.0000000000; 0.0000000000; 0.0000000000; 0.0000000000; 0.0000000000; 0.0000000000; 0.0000000000; 0.0000000000; 0.0082371295;-0.0758936291; 0.0001232825
     gamma_etaBTAVEmax; 0.0000000000; 0.0000000000; 0.0000000000; 0.0000000000; 0.0000000000; 0.0000000000; 0.0000000000; 0.0000000000;-0.0758936291; 1.2588248146;-0.0072529544
                     a; 0.0000000000; 0.0000000000; 0.0000000000; 0.0000000000; 0.0000000000; 0.0000000000; 0.0000000000; 0.0000000000; 0.0001232825;-0.0072529544; 0.0240380417
