p0_pop,1.00000,0.10707,0.08081,-0.00963,-0.00954,0.12067
alpha_pop,0.10707,1.00000,0.00802,0.01202,-0.00931,0.01575
tau_pop,0.08081,0.00802,1.00000,-0.00499,0.00146,0.01207
omega_alpha,-0.00963,0.01202,-0.00499,1.00000,-0.00674,-0.00863
omega_tau,-0.00954,-0.00931,0.00146,-0.00674,1.00000,-0.00281
a,0.12067,0.01575,0.01207,-0.00863,-0.00281,1.00000
