p0_pop,1.00000,0.10223,0.09154,-0.00780,0.00845,0.00990
alpha_pop,0.10223,1.00000,0.00539,-0.00079,-0.01141,0.00256
tau_pop,0.09154,0.00539,1.00000,-0.00435,0.01349,0.00070
omega_alpha,-0.00780,-0.00079,-0.00435,1.00000,-0.00783,-0.00312
omega_tau,0.00845,-0.01141,0.01349,-0.00783,1.00000,-0.00270
a,0.00990,0.00256,0.00070,-0.00312,-0.00270,1.00000
