   Tlag_pop;   1.00000;  -0.07181;  -0.18870;   0.17532;  -0.13121;   0.00000;   0.00000;   0.00000;       NaN;       NaN;   0.00000
     ka_pop;  -0.07181;   1.00000;   0.42407;  -0.14187;   0.03936;   0.00000;   0.00000;   0.00000;       NaN;       NaN;   0.00000
      V_pop;  -0.18870;   0.42407;   1.00000;  -0.25518;   0.11693;   0.00000;   0.00000;   0.00000;       NaN;       NaN;   0.00000
  alpha_pop;   0.17532;  -0.14187;  -0.25518;   1.00000;  -0.97918;   0.00000;   0.00000;   0.00000;       NaN;       NaN;   0.00000
   beta_pop;  -0.13121;   0.03936;   0.11693;  -0.97918;   1.00000;   0.00000;   0.00000;   0.00000;       NaN;       NaN;   0.00000
 omega_Tlag;   0.00000;   0.00000;   0.00000;   0.00000;   0.00000;   1.00000;  -0.00108;   0.00068;       NaN;       NaN;  -0.03401
   omega_ka;   0.00000;   0.00000;   0.00000;   0.00000;   0.00000;  -0.00108;   1.00000;   0.00881;       NaN;       NaN;  -0.15957
    omega_V;   0.00000;   0.00000;   0.00000;   0.00000;   0.00000;   0.00068;   0.00881;   1.00000;       NaN;       NaN;  -0.04631
omega_alpha;       NaN;       NaN;       NaN;       NaN;       NaN;       NaN;       NaN;       NaN;       NaN;       NaN;       NaN
 omega_beta;       NaN;       NaN;       NaN;       NaN;       NaN;       NaN;       NaN;       NaN;       NaN;       NaN;       NaN
          a;   0.00000;   0.00000;   0.00000;   0.00000;   0.00000;  -0.03401;  -0.15957;  -0.04631;       NaN;       NaN;   1.00000
