  Tlag_pop; 0.3390937228;-0.0040906452;-0.0259721721; 0.0547601962;-0.0168164939; 0.0000000000; 0.0000000000; 0.0000000000;-0.0000000000
    ka_pop;-0.0040906452; 0.0095685501; 0.0098046760;-0.0074432144; 0.0008473430; 0.0000000000; 0.0000000000; 0.0000000000;-0.0000000000
     V_pop;-0.0259721721; 0.0098046760; 0.0558665946;-0.0323510281; 0.0060832351; 0.0000000000; 0.0000000000; 0.0000000000;-0.0000000000
 alpha_pop; 0.0547601962;-0.0074432144;-0.0323510281; 0.2876891815;-0.1155972829; 0.0000000000; 0.0000000000; 0.0000000000;-0.0000000000
  beta_pop;-0.0168164939; 0.0008473430; 0.0060832351;-0.1155972829; 0.0484450047; 0.0000000000; 0.0000000000; 0.0000000000;-0.0000000000
omega_Tlag; 0.0000000000; 0.0000000000; 0.0000000000; 0.0000000000; 0.0000000000; 0.1286811085;-0.0000296583; 0.0000299989;-0.0003340177
  omega_ka; 0.0000000000; 0.0000000000; 0.0000000000; 0.0000000000; 0.0000000000;-0.0000296583; 0.0058142100; 0.0000827692;-0.0003331296
   omega_V; 0.0000000000; 0.0000000000; 0.0000000000; 0.0000000000; 0.0000000000; 0.0000299989; 0.0000827692; 0.0151731996;-0.0001561711
         a; 0.0000000000; 0.0000000000; 0.0000000000; 0.0000000000; 0.0000000000;-0.0003340177;-0.0003331296;-0.0001561711; 0.0007496122
