  Tlag_pop; 0.4685730817;-0.0041326065;-0.0274858598; 0.0598084171;-0.0189916710; 0.0000000000; 0.0000000000; 0.0000000000;-0.0000000000
    ka_pop;-0.0041326065; 0.0092369510; 0.0096466608;-0.0075498188; 0.0010034321; 0.0000000000; 0.0000000000; 0.0000000000;-0.0000000000
     V_pop;-0.0274858598; 0.0096466608; 0.0554809842;-0.0325771140; 0.0066497880; 0.0000000000; 0.0000000000; 0.0000000000;-0.0000000000
 alpha_pop; 0.0598084171;-0.0075498188;-0.0325771140; 0.2714573815;-0.1105910531; 0.0000000000; 0.0000000000; 0.0000000000;-0.0000000000
  beta_pop;-0.0189916710; 0.0010034321; 0.0066497880;-0.1105910531; 0.0469834299; 0.0000000000; 0.0000000000; 0.0000000000;-0.0000000000
omega_Tlag; 0.0000000000; 0.0000000000; 0.0000000000; 0.0000000000; 0.0000000000; 0.1719153458;-0.0000036616; 0.0000425028;-0.0003044628
  omega_ka; 0.0000000000; 0.0000000000; 0.0000000000; 0.0000000000; 0.0000000000;-0.0000036616; 0.0057927378; 0.0000877056;-0.0003523831
   omega_V; 0.0000000000; 0.0000000000; 0.0000000000; 0.0000000000; 0.0000000000; 0.0000425028; 0.0000877056; 0.0155230098;-0.0001590477
         a; 0.0000000000; 0.0000000000; 0.0000000000; 0.0000000000; 0.0000000000;-0.0003044628;-0.0003523831;-0.0001590477; 0.0007468295
