              Emax_pop; 0.0214727614;-0.0093878302;-0.0095290762;-0.0117290430; 0.0063895954;-0.0060173949;-0.0063345098;-0.0063902112; 0.0000000000; 0.0000000000;-0.0000000000
 beta_Emax_tDRUG_abata;-0.0093878302; 0.0245762563; 0.0048548795; 0.0062465483;-0.0060478263; 0.0100074592; 0.0060076113; 0.0060480249; 0.0000000000; 0.0000000000;-0.0000000000
 beta_Emax_tDRUG_adali;-0.0095290762; 0.0048548795; 0.0261774607; 0.0062582210;-0.0058993648; 0.0057550563; 0.0108409654; 0.0058995715; 0.0000000000; 0.0000000000;-0.0000000000
beta_Emax_tDRUG_canaki;-0.0117290430; 0.0062465483; 0.0062582210; 0.3003526106;-0.0084660138; 0.0082965929; 0.0084112591; 0.2833296276; 0.0000000000; 0.0000000000;-0.0000000000
               T50_pop; 0.0063895954;-0.0060478263;-0.0058993648;-0.0084660138; 0.0163768221;-0.0163646463;-0.0162886749;-0.0163766909; 0.0000000000; 0.0000000000;-0.0000000000
  beta_T50_tDRUG_abata;-0.0060173949; 0.0100074592; 0.0057550563; 0.0082965929;-0.0163646463; 0.0204258536; 0.0162769653; 0.0163645022; 0.0000000000; 0.0000000000;-0.0000000000
  beta_T50_tDRUG_adali;-0.0063345098; 0.0060076113; 0.0108409654; 0.0084112591;-0.0162886749; 0.0162769653; 0.0283573519; 0.0162885436; 0.0000000000; 0.0000000000;-0.0000000000
 beta_T50_tDRUG_canaki;-0.0063902112; 0.0060480249; 0.0058995715; 0.2833296276;-0.0163766909; 0.0163645022; 0.0162885436; 0.4960879094; 0.0000000000; 0.0000000000;-0.0000000000
      omega_etaBSVEmax; 0.0000000000; 0.0000000000; 0.0000000000; 0.0000000000; 0.0000000000; 0.0000000000; 0.0000000000; 0.0000000000; 0.0053132442;-0.0659909377; 0.0000914067
     gamma_etaBTAVEmax; 0.0000000000; 0.0000000000; 0.0000000000; 0.0000000000; 0.0000000000; 0.0000000000; 0.0000000000; 0.0000000000;-0.0659909377; 1.3309705315;-0.0075892048
                     a; 0.0000000000; 0.0000000000; 0.0000000000; 0.0000000000; 0.0000000000; 0.0000000000; 0.0000000000; 0.0000000000; 0.0000914067;-0.0075892048; 0.0240328649
