p0_pop,1.00000,0.12921,0.11748,-0.02416,0.00330,-0.04426
alpha_pop,0.12921,1.00000,0.01124,0.00784,-0.01578,-0.00686
tau_pop,0.11748,0.01124,1.00000,-0.00773,0.01455,-0.00702
omega_alpha,-0.02416,0.00784,-0.00773,1.00000,-0.01317,-0.00305
omega_tau,0.00330,-0.01578,0.01455,-0.01317,1.00000,-0.00286
a,-0.04426,-0.00686,-0.00702,-0.00305,-0.00286,1.00000
