              Emax_pop; 0.0184354744;-0.0114891293;-0.0117969369;-0.0133302469; 0.0063993885;-0.0060918059;-0.0063585198;-0.0063997050; 0.0000000000; 0.0000000000;-0.0000000000
 beta_Emax_tDRUG_abata;-0.0114891293; 0.0271119791; 0.0076647542; 0.0088168983;-0.0061746400; 0.0102187978; 0.0061427986; 0.0061748057; 0.0000000000; 0.0000000000;-0.0000000000
 beta_Emax_tDRUG_adali;-0.0117969369; 0.0076647542; 0.0298820344; 0.0089836943;-0.0060420899; 0.0058589823; 0.0109084441; 0.0060422643; 0.0000000000; 0.0000000000;-0.0000000000
beta_Emax_tDRUG_canaki;-0.0133302469; 0.0088168983; 0.0089836943; 0.3829026952;-0.0077979053; 0.0075978345; 0.0077591144; 0.3093371093; 0.0000000000; 0.0000000000;-0.0000000000
               T50_pop; 0.0063993885;-0.0061746400;-0.0060420899;-0.0077979053; 0.0158311479;-0.0158202488;-0.0157773006;-0.0158310612; 0.0000000000; 0.0000000000;-0.0000000000
  beta_T50_tDRUG_abata;-0.0060918059; 0.0102187978; 0.0058589823; 0.0075978345;-0.0158202488; 0.0198936473; 0.0157668040; 0.0158201555; 0.0000000000; 0.0000000000;-0.0000000000
  beta_T50_tDRUG_adali;-0.0063585198; 0.0061427986; 0.0109084441; 0.0077591144;-0.0157773006; 0.0157668040; 0.0274032892; 0.0157772137; 0.0000000000; 0.0000000000;-0.0000000000
 beta_T50_tDRUG_canaki;-0.0063997050; 0.0061748057; 0.0060422643; 0.3093371093;-0.0158310612; 0.0158201555; 0.0157772137; 0.4292285328; 0.0000000000; 0.0000000000;-0.0000000000
      omega_etaBSVEmax; 0.0000000000; 0.0000000000; 0.0000000000; 0.0000000000; 0.0000000000; 0.0000000000; 0.0000000000; 0.0000000000; 0.0092530798;-0.0752773864; 0.0000900860
     gamma_etaBTAVEmax; 0.0000000000; 0.0000000000; 0.0000000000; 0.0000000000; 0.0000000000; 0.0000000000; 0.0000000000; 0.0000000000;-0.0752773864; 1.1717974376;-0.0064593525
                     a; 0.0000000000; 0.0000000000; 0.0000000000; 0.0000000000; 0.0000000000; 0.0000000000; 0.0000000000; 0.0000000000; 0.0000900860;-0.0064593525; 0.0240013469
