   Tlag_pop;   1.00000;   0.22765;   0.05457;   0.00098;  -0.01103;   0.00000;   0.00000;   0.00000;       NaN;       NaN;   0.00000
     ka_pop;   0.22765;   1.00000;   0.16301;   0.09156;  -0.12947;   0.00000;   0.00000;   0.00000;       NaN;       NaN;   0.00000
      V_pop;   0.05457;   0.16301;   1.00000;   0.10900;  -0.14256;   0.00000;   0.00000;   0.00000;       NaN;       NaN;   0.00000
  alpha_pop;   0.00098;   0.09156;   0.10900;   1.00000;  -0.99288;   0.00000;   0.00000;   0.00000;       NaN;       NaN;   0.00000
   beta_pop;  -0.01103;  -0.12947;  -0.14256;  -0.99288;   1.00000;   0.00000;   0.00000;   0.00000;       NaN;       NaN;   0.00000
 omega_Tlag;   0.00000;   0.00000;   0.00000;   0.00000;   0.00000;   1.00000;  -0.10425;  -0.00028;       NaN;       NaN;  -0.04995
   omega_ka;   0.00000;   0.00000;   0.00000;   0.00000;   0.00000;  -0.10425;   1.00000;   0.00089;       NaN;       NaN;  -0.08061
    omega_V;   0.00000;   0.00000;   0.00000;   0.00000;   0.00000;  -0.00028;   0.00089;   1.00000;       NaN;       NaN;  -0.03815
omega_alpha;       NaN;       NaN;       NaN;       NaN;       NaN;       NaN;       NaN;       NaN;       NaN;       NaN;       NaN
 omega_beta;       NaN;       NaN;       NaN;       NaN;       NaN;       NaN;       NaN;       NaN;       NaN;       NaN;       NaN
          a;   0.00000;   0.00000;   0.00000;   0.00000;   0.00000;  -0.04995;  -0.08061;  -0.03815;       NaN;       NaN;   1.00000
