  Tlag_pop; 0.1893917246; 0.0345663502; 0.0036824898; 0.0001624049;-0.0005316639; 0.0000000000; 0.0000000000; 0.0000000000;-0.0000000000
    ka_pop; 0.0345663502; 0.1217334721; 0.0088193293; 0.0121090770;-0.0050024365; 0.0000000000; 0.0000000000; 0.0000000000;-0.0000000000
     V_pop; 0.0036824898; 0.0088193293; 0.0240463335; 0.0064070477;-0.0024481635; 0.0000000000; 0.0000000000; 0.0000000000;-0.0000000000
 alpha_pop; 0.0001624049; 0.0121090770; 0.0064070477; 0.1436753266;-0.0416771976; 0.0000000000; 0.0000000000; 0.0000000000;-0.0000000000
  beta_pop;-0.0005316639;-0.0050024365;-0.0024481635;-0.0416771976; 0.0122635783; 0.0000000000; 0.0000000000; 0.0000000000;-0.0000000000
omega_Tlag; 0.0000000000; 0.0000000000; 0.0000000000; 0.0000000000; 0.0000000000; 0.1977479137;-0.0129445793;-0.0000137152;-0.0005902461
  omega_ka; 0.0000000000; 0.0000000000; 0.0000000000; 0.0000000000; 0.0000000000;-0.0129445793; 0.0779666848; 0.0000271594;-0.0005980838
   omega_V; 0.0000000000; 0.0000000000; 0.0000000000; 0.0000000000; 0.0000000000;-0.0000137152; 0.0000271594; 0.0119591002;-0.0001108642
         a; 0.0000000000; 0.0000000000; 0.0000000000; 0.0000000000; 0.0000000000;-0.0005902461;-0.0005980838;-0.0001108642; 0.0007060122
