              Emax_pop; 0.0194226953;-0.0129848342;-0.0133321881;-0.0147146269; 0.0064669465;-0.0061736741;-0.0064333493;-0.0064671996; 0.0000000000; 0.0000000000;-0.0000000000
 beta_Emax_tDRUG_abata;-0.0129848342; 0.0295450718; 0.0091631827; 0.0102463689;-0.0062767253; 0.0103887761; 0.0062497177; 0.0062768725; 0.0000000000; 0.0000000000;-0.0000000000
 beta_Emax_tDRUG_adali;-0.0133321881; 0.0091631827; 0.0327593822; 0.0104581357;-0.0061469949; 0.0059569852; 0.0109819457; 0.0061471494; 0.0000000000; 0.0000000000;-0.0000000000
beta_Emax_tDRUG_canaki;-0.0147146269; 0.0102463689; 0.0104581357; 0.4805097315;-0.0076929427; 0.0074892414; 0.0076609871; 0.3443314504; 0.0000000000; 0.0000000000;-0.0000000000
               T50_pop; 0.0064669465;-0.0062767253;-0.0061469949;-0.0076929427; 0.0154928748;-0.0154834793;-0.0154506388;-0.0154928089; 0.0000000000; 0.0000000000;-0.0000000000
  beta_T50_tDRUG_abata;-0.0061736741; 0.0103887761; 0.0059569852; 0.0074892414;-0.0154834793; 0.0195933097; 0.0154415453; 0.0154834086; 0.0000000000; 0.0000000000;-0.0000000000
  beta_T50_tDRUG_adali;-0.0064333493; 0.0062497177; 0.0109819457; 0.0076609871;-0.0154506388; 0.0154415453; 0.0278102154; 0.0154505728; 0.0000000000; 0.0000000000;-0.0000000000
 beta_T50_tDRUG_canaki;-0.0064671996; 0.0062768725; 0.0061471494; 0.3443314504;-0.0154928089; 0.0154834086; 0.0154505728; 0.3991540432; 0.0000000000; 0.0000000000;-0.0000000000
      omega_etaBSVEmax; 0.0000000000; 0.0000000000; 0.0000000000; 0.0000000000; 0.0000000000; 0.0000000000; 0.0000000000; 0.0000000000; 0.0111681274;-0.0811526080; 0.0000791361
     gamma_etaBTAVEmax; 0.0000000000; 0.0000000000; 0.0000000000; 0.0000000000; 0.0000000000; 0.0000000000; 0.0000000000; 0.0000000000;-0.0811526080; 1.1903001503;-0.0059550118
                     a; 0.0000000000; 0.0000000000; 0.0000000000; 0.0000000000; 0.0000000000; 0.0000000000; 0.0000000000; 0.0000000000; 0.0000791361;-0.0059550118; 0.0240946906
