   Tlag_pop;   1.00000;   0.25481;   0.05380;  -0.02927;   0.01762;   0.00000;   0.00000;   0.00000;       NaN;       NaN;   0.00000
     ka_pop;   0.25481;   1.00000;   0.17032;   0.05946;  -0.09607;   0.00000;   0.00000;   0.00000;       NaN;       NaN;   0.00000
      V_pop;   0.05380;   0.17032;   1.00000;   0.09003;  -0.11286;   0.00000;   0.00000;   0.00000;       NaN;       NaN;   0.00000
  alpha_pop;  -0.02927;   0.05946;   0.09003;   1.00000;  -0.99196;   0.00000;   0.00000;   0.00000;       NaN;       NaN;   0.00000
   beta_pop;   0.01762;  -0.09607;  -0.11286;  -0.99196;   1.00000;   0.00000;   0.00000;   0.00000;       NaN;       NaN;   0.00000
 omega_Tlag;   0.00000;   0.00000;   0.00000;   0.00000;   0.00000;   1.00000;  -0.18605;   0.00441;       NaN;       NaN;  -0.06152
   omega_ka;   0.00000;   0.00000;   0.00000;   0.00000;   0.00000;  -0.18605;   1.00000;  -0.00608;       NaN;       NaN;  -0.08784
    omega_V;   0.00000;   0.00000;   0.00000;   0.00000;   0.00000;   0.00441;  -0.00608;   1.00000;       NaN;       NaN;  -0.04466
omega_alpha;       NaN;       NaN;       NaN;       NaN;       NaN;       NaN;       NaN;       NaN;       NaN;       NaN;       NaN
 omega_beta;       NaN;       NaN;       NaN;       NaN;       NaN;       NaN;       NaN;       NaN;       NaN;       NaN;       NaN
          a;   0.00000;   0.00000;   0.00000;   0.00000;   0.00000;  -0.06152;  -0.08784;  -0.04466;       NaN;       NaN;   1.00000
