  Tlag_pop; 0.1946177893; 0.0380840483; 0.0040612422;-0.0042453524; 0.0011305016; 0.0000000000; 0.0000000000; 0.0000000000;-0.0000000000
    ka_pop; 0.0380840483; 0.1147842177; 0.0098738271; 0.0066219902;-0.0047346204; 0.0000000000; 0.0000000000; 0.0000000000;-0.0000000000
     V_pop; 0.0040612422; 0.0098738271; 0.0292802551; 0.0050639961;-0.0028092034; 0.0000000000; 0.0000000000; 0.0000000000; 0.0000000000
 alpha_pop;-0.0042453524; 0.0066219902; 0.0050639961; 0.1080594240;-0.0474323631; 0.0000000000; 0.0000000000; 0.0000000000;-0.0000000000
  beta_pop; 0.0011305016;-0.0047346204;-0.0028092034;-0.0474323631; 0.0211593529; 0.0000000000; 0.0000000000; 0.0000000000;-0.0000000000
omega_Tlag; 0.0000000000; 0.0000000000; 0.0000000000; 0.0000000000; 0.0000000000; 0.2628308839;-0.0276930991; 0.0002828521;-0.0009068065
  omega_ka; 0.0000000000; 0.0000000000; 0.0000000000; 0.0000000000; 0.0000000000;-0.0276930991; 0.0842923457;-0.0002209498;-0.0007332688
   omega_V; 0.0000000000; 0.0000000000; 0.0000000000; 0.0000000000; 0.0000000000; 0.0002828521;-0.0002209498; 0.0156457130;-0.0001606406
         a; 0.0000000000; 0.0000000000; 0.0000000000; 0.0000000000; 0.0000000000;-0.0009068065;-0.0007332688;-0.0001606406; 0.0008267722
