   Tlag_pop;   1.00000;   0.22017;   0.06246;   0.00035;  -0.00986;   0.00000;   0.00000;   0.00000;       NaN;       NaN;   0.00000
     ka_pop;   0.22017;   1.00000;   0.15448;   0.07919;  -0.11233;   0.00000;   0.00000;   0.00000;       NaN;       NaN;   0.00000
      V_pop;   0.06246;   0.15448;   1.00000;   0.10718;  -0.14252;   0.00000;   0.00000;   0.00000;       NaN;       NaN;   0.00000
  alpha_pop;   0.00035;   0.07919;   0.10718;   1.00000;  -0.99381;   0.00000;   0.00000;   0.00000;       NaN;       NaN;   0.00000
   beta_pop;  -0.00986;  -0.11233;  -0.14252;  -0.99381;   1.00000;   0.00000;   0.00000;   0.00000;       NaN;       NaN;   0.00000
 omega_Tlag;   0.00000;   0.00000;   0.00000;   0.00000;   0.00000;   1.00000;  -0.12243;  -0.00291;       NaN;       NaN;  -0.08835
   omega_ka;   0.00000;   0.00000;   0.00000;   0.00000;   0.00000;  -0.12243;   1.00000;   0.00136;       NaN;       NaN;  -0.05256
    omega_V;   0.00000;   0.00000;   0.00000;   0.00000;   0.00000;  -0.00291;   0.00136;   1.00000;       NaN;       NaN;  -0.03915
omega_alpha;       NaN;       NaN;       NaN;       NaN;       NaN;       NaN;       NaN;       NaN;       NaN;       NaN;       NaN
 omega_beta;       NaN;       NaN;       NaN;       NaN;       NaN;       NaN;       NaN;       NaN;       NaN;       NaN;       NaN
          a;   0.00000;   0.00000;   0.00000;   0.00000;   0.00000;  -0.08835;  -0.05256;  -0.03915;       NaN;       NaN;   1.00000
