  Tlag_pop; 0.1546297710; 0.0339306627; 0.0035959480; 0.0000587289;-0.0004467624; 0.0000000000; 0.0000000000; 0.0000000000;-0.0000000000
    ka_pop; 0.0339306627; 0.1535979838; 0.0088637599; 0.0133300399;-0.0050737692; 0.0000000000; 0.0000000000; 0.0000000000;-0.0000000000
     V_pop; 0.0035959480; 0.0088637599; 0.0214336676; 0.0067395870;-0.0024046001; 0.0000000000; 0.0000000000; 0.0000000000; 0.0000000000
 alpha_pop; 0.0000587289; 0.0133300399; 0.0067395870; 0.1844635613;-0.0491903248; 0.0000000000; 0.0000000000; 0.0000000000;-0.0000000000
  beta_pop;-0.0004467624;-0.0050737692;-0.0024046001;-0.0491903248; 0.0132814621; 0.0000000000; 0.0000000000; 0.0000000000;-0.0000000000
omega_Tlag; 0.0000000000; 0.0000000000; 0.0000000000; 0.0000000000; 0.0000000000; 0.2219369337;-0.0173823082;-0.0001403877;-0.0010866863
  omega_ka; 0.0000000000; 0.0000000000; 0.0000000000; 0.0000000000; 0.0000000000;-0.0173823082; 0.0908211618; 0.0000419349;-0.0004135634
   omega_V; 0.0000000000; 0.0000000000; 0.0000000000; 0.0000000000; 0.0000000000;-0.0001403877; 0.0000419349; 0.0104628486;-0.0001045589
         a; 0.0000000000; 0.0000000000; 0.0000000000; 0.0000000000; 0.0000000000;-0.0010866863;-0.0004135634;-0.0001045589; 0.0006816333
