  Tlag_pop; 0.4635441145; 0.1092818843; 0.0117774798;-0.0063719352;-0.0008529719;    0.0000000000;-0.0000000000; 0.0000000000; 0.0000000000; 0.0000000000
    ka_pop; 0.1092818843; 0.1297326470; 0.0112255934; 0.0052194972;-0.0034039983;    0.0000000000;-0.0000000000; 0.0000000000; 0.0000000000; 0.0000000000
     V_pop; 0.0117774798; 0.0112255934; 0.0285858174; 0.0049379689;-0.0022181976;    0.0000000000;-0.0000000000; 0.0000000000; 0.0000000000; 0.0000000000
 alpha_pop;-0.0063719352; 0.0052194972; 0.0049379689; 0.1571896528;-0.0408929300;    0.0000000000;-0.0000000000; 0.0000000000; 0.0000000000; 0.0000000000
  beta_pop;-0.0008529719;-0.0034039983;-0.0022181976;-0.0408929300; 0.0108603482;    0.0000000000;-0.0000000000; 0.0000000000; 0.0000000000; 0.0000000000
omega_Tlag; 0.0000000000; 0.0000000000; 0.0000000000; 0.0000000000; 0.0000000000;65923.8585764384;-7.8802089972; 0.2169538669;-0.5153737900;-0.3535283165
  omega_ka; 0.0000000000; 0.0000000000; 0.0000000000; 0.0000000000; 0.0000000000;   -7.8802089972; 0.0545669901;-0.0000482733; 0.0000700321;-0.0002811195
   omega_V; 0.0000000000; 0.0000000000; 0.0000000000; 0.0000000000; 0.0000000000;    0.2169538669;-0.0000482733; 0.0133340592;-0.0000003755;-0.0001007939
         a; 0.0000000000; 0.0000000000; 0.0000000000; 0.0000000000; 0.0000000000;   -0.5153737900; 0.0000700321;-0.0000003755; 0.0001204130;-0.0003682688
         b; 0.0000000000; 0.0000000000; 0.0000000000; 0.0000000000; 0.0000000000;   -0.3535283165;-0.0002811195;-0.0001007939;-0.0003682688; 0.0018753204
