p0_pop,1.00000,0.11706,0.09780,-0.00080,0.00250,-0.04176
alpha_pop,0.11706,1.00000,0.00806,0.00575,-0.01249,-0.00520
tau_pop,0.09780,0.00806,1.00000,-0.00381,0.00784,-0.00338
omega_alpha,-0.00080,0.00575,-0.00381,1.00000,-0.00948,-0.00430
omega_tau,0.00250,-0.01249,0.00784,-0.00948,1.00000,-0.00177
a,-0.04176,-0.00520,-0.00338,-0.00430,-0.00177,1.00000
