   Tlag_pop;   1.00000;   0.25165;   0.06088;  -0.00809;  -0.00529;   0.00000;   0.00000;   0.00000;       NaN;       NaN;   0.00000
     ka_pop;   0.25165;   1.00000;   0.17014;   0.08305;  -0.12447;   0.00000;   0.00000;   0.00000;       NaN;       NaN;   0.00000
      V_pop;   0.06088;   0.17014;   1.00000;   0.10597;  -0.14092;   0.00000;   0.00000;   0.00000;       NaN;       NaN;   0.00000
  alpha_pop;  -0.00809;   0.08305;   0.10597;   1.00000;  -0.99211;   0.00000;   0.00000;   0.00000;       NaN;       NaN;   0.00000
   beta_pop;  -0.00529;  -0.12447;  -0.14092;  -0.99211;   1.00000;   0.00000;   0.00000;   0.00000;       NaN;       NaN;   0.00000
 omega_Tlag;   0.00000;   0.00000;   0.00000;   0.00000;   0.00000;   1.00000;  -0.10783;   0.00197;       NaN;       NaN;  -0.05333
   omega_ka;   0.00000;   0.00000;   0.00000;   0.00000;   0.00000;  -0.10783;   1.00000;  -0.00089;       NaN;       NaN;  -0.07319
    omega_V;   0.00000;   0.00000;   0.00000;   0.00000;   0.00000;   0.00197;  -0.00089;   1.00000;       NaN;       NaN;  -0.03862
omega_alpha;       NaN;       NaN;       NaN;       NaN;       NaN;       NaN;       NaN;       NaN;       NaN;       NaN;       NaN
 omega_beta;       NaN;       NaN;       NaN;       NaN;       NaN;       NaN;       NaN;       NaN;       NaN;       NaN;       NaN
          a;   0.00000;   0.00000;   0.00000;   0.00000;   0.00000;  -0.05333;  -0.07319;  -0.03862;       NaN;       NaN;   1.00000
