  Tlag_pop; 0.2240963600; 0.0403739259; 0.0045789552;-0.0013385398;-0.0002722909; 0.0000000000; 0.0000000000; 0.0000000000;-0.0000000000
    ka_pop; 0.0403739259; 0.1148635563; 0.0091621502; 0.0098429816;-0.0045846821; 0.0000000000; 0.0000000000; 0.0000000000;-0.0000000000
     V_pop; 0.0045789552; 0.0091621502; 0.0252465745; 0.0058880291;-0.0024334802; 0.0000000000; 0.0000000000; 0.0000000000; 0.0000000000
 alpha_pop;-0.0013385398; 0.0098429816; 0.0058880291; 0.1222890230;-0.0377049902; 0.0000000000; 0.0000000000; 0.0000000000;-0.0000000000
  beta_pop;-0.0002722909;-0.0045846821;-0.0024334802;-0.0377049902; 0.0118110772; 0.0000000000; 0.0000000000; 0.0000000000;-0.0000000000
omega_Tlag; 0.0000000000; 0.0000000000; 0.0000000000; 0.0000000000; 0.0000000000; 0.2318736179;-0.0137019365; 0.0001063692;-0.0006778376
  omega_ka; 0.0000000000; 0.0000000000; 0.0000000000; 0.0000000000; 0.0000000000;-0.0137019365; 0.0696349534;-0.0000262891;-0.0005098690
   omega_V; 0.0000000000; 0.0000000000; 0.0000000000; 0.0000000000; 0.0000000000; 0.0001063692;-0.0000262891; 0.0125968768;-0.0001144361
         a; 0.0000000000; 0.0000000000; 0.0000000000; 0.0000000000; 0.0000000000;-0.0006778376;-0.0005098690;-0.0001144361; 0.0006968343
