   Tlag_pop;   1.00000;   0.23129;   0.06337;  -0.00626;  -0.00438;   0.00000;   0.00000;   0.00000;       NaN;       NaN;   0.00000
     ka_pop;   0.23129;   1.00000;   0.15959;   0.06808;  -0.10353;   0.00000;   0.00000;   0.00000;       NaN;       NaN;   0.00000
      V_pop;   0.06337;   0.15959;   1.00000;   0.09953;  -0.13826;   0.00000;   0.00000;   0.00000;       NaN;       NaN;   0.00000
  alpha_pop;  -0.00626;   0.06808;   0.09953;   1.00000;  -0.99317;   0.00000;   0.00000;   0.00000;       NaN;       NaN;   0.00000
   beta_pop;  -0.00438;  -0.10353;  -0.13826;  -0.99317;   1.00000;   0.00000;   0.00000;   0.00000;       NaN;       NaN;   0.00000
 omega_Tlag;   0.00000;   0.00000;   0.00000;   0.00000;   0.00000;   1.00000;  -0.12273;   0.00345;       NaN;       NaN;  -0.08862
   omega_ka;   0.00000;   0.00000;   0.00000;   0.00000;   0.00000;  -0.12273;   1.00000;  -0.00095;       NaN;       NaN;  -0.04070
    omega_V;   0.00000;   0.00000;   0.00000;   0.00000;   0.00000;   0.00345;  -0.00095;   1.00000;       NaN;       NaN;  -0.03826
omega_alpha;       NaN;       NaN;       NaN;       NaN;       NaN;       NaN;       NaN;       NaN;       NaN;       NaN;       NaN
 omega_beta;       NaN;       NaN;       NaN;       NaN;       NaN;       NaN;       NaN;       NaN;       NaN;       NaN;       NaN
          a;   0.00000;   0.00000;   0.00000;   0.00000;   0.00000;  -0.08862;  -0.04070;  -0.03826;       NaN;       NaN;   1.00000
