  Tlag_pop; 0.2407068242; 0.0425337750; 0.0046157370;-0.0012658259;-0.0002328077; 0.0000000000; 0.0000000000; 0.0000000000;-0.0000000000
    ka_pop; 0.0425337750; 0.1404998595; 0.0088807581; 0.0105207203;-0.0042046706; 0.0000000000; 0.0000000000; 0.0000000000;-0.0000000000
     V_pop; 0.0046157370; 0.0088807581; 0.0220408674; 0.0060914046;-0.0022240592; 0.0000000000; 0.0000000000; 0.0000000000; 0.0000000000
 alpha_pop;-0.0012658259; 0.0105207203; 0.0060914046; 0.1699552725;-0.0443621842; 0.0000000000; 0.0000000000; 0.0000000000;-0.0000000000
  beta_pop;-0.0002328077;-0.0042046706;-0.0022240592;-0.0443621842; 0.0117394059; 0.0000000000; 0.0000000000; 0.0000000000;-0.0000000000
omega_Tlag; 0.0000000000; 0.0000000000; 0.0000000000; 0.0000000000; 0.0000000000; 0.3585014371;-0.0204112470; 0.0002128759;-0.0013650097
  omega_ka; 0.0000000000; 0.0000000000; 0.0000000000; 0.0000000000; 0.0000000000;-0.0204112470; 0.0771571967;-0.0000273046;-0.0002908083
   omega_V; 0.0000000000; 0.0000000000; 0.0000000000; 0.0000000000; 0.0000000000; 0.0002128759;-0.0000273046; 0.0106125014;-0.0001013805
         a; 0.0000000000; 0.0000000000; 0.0000000000; 0.0000000000; 0.0000000000;-0.0013650097;-0.0002908083;-0.0001013805; 0.0006617151
